Idx,Gradient,NMR_signal(mean),NMR_signal(noise),NMR_signal(std),SAT_lhs(mean),SAT_lhs(std),SAT_rhs
0,0,77680.265544728652,2.534098541373127,0,0,0,-0
1,3.9138943248532287,77568.015082593673,23.351076326214773,0,-0.0014460769709311702,0,-0.0012731561533389009
2,7.8277886497064575,77145.198693867729,-1.7979334657424122,0,-0.0069118989398337591,0,-0.0050926246133556037
3,11.741682974559687,76478.425703729983,-10.877289986405854,0,-0.015592558307682938,0,-0.011458405380050114
4,15.655577299412915,75584.785908811798,5.682881150841057,0,-0.027346224080569609,0,-0.020370498453422415
5,19.569471624266143,74427.791758406427,1.0800501758295038,0,-0.042771825192909091,0,-0.031828903833472526
6,23.483365949119371,73021.856549691627,-23.177037930536709,0,-0.061842441295192577,0,-0.045833621520200443
7,27.397260273972599,71457.556575495051,8.2476816020217552,0,-0.083497583308731055,0,-0.062384651513606136
8,31.311154598825826,69646.254736946663,-10.563668298238596,0,-0.10917231626220468,0,-0.08148199381368966
9,35.225048923679054,67666.454796370861,-20.100515933096066,0,-0.13801068314054987,0,-0.10312564842045099
10,39.138943248532286,65578.395870506123,19.522852103573204,0,-0.16935493195489451,0,-0.1273156153338901
11,43.052837573385517,63283.735231463448,-11.383012687970805,0,-0.20497289365795682,0,-0.15405189455400706
12,46.966731898238748,60920.428197018155,3.1693012019277718,0,-0.24303268557755037,0,-0.18333448608080183
13,50.88062622309198,58448.63437068709,1.1184356215110527,0,-0.28445291883617779,0,-0.21516338991427433
14,54.794520547945211,55920.467048145867,12.459076981020738,0,-0.32867079245353331,0,-0.24953860605442479
15,58.708414872798443,53319.559767838931,-0.85674973528613885,0,-0.37629800356191107,0,-0.28646013450125285
16,62.622309197651674,50708.055297662017,2.3764432611289723,0,-0.4265164628337284,0,-0.32592797525475892
17,66.536203522504906,48078.967688106663,-4.7465763708446085,0,-0.47975642313801292,0,-0.36794212831494266
18,70.450097847358137,45462.134053809248,-11.054062835838545,0,-0.53572148154804966,0,-0.41250259368180425
19,74.363992172211368,42874.344192860299,-16.972716722683753,0,-0.59432763284543388,0,-0.45960937135534363
20,78.2778864970646,40351.686503984798,-2.0295130532381536,0,-0.65496805170177108,0,-0.50926246133556086
21,82.191780821917831,37884.613222177002,10.322680888203557,0,-0.71805619635019691,0,-0.56146186362245576
22,86.105675146771063,35460.080781223623,-5.0876506382160969,0,-0.78419366368345056,0,-0.61620757821602867
23,90.019569471624294,33157.790745339058,21.11684540003353,0,-0.8513235384586697,0,-0.67349960511627904
24,93.933463796477525,30895.138389190222,-2.1997976062010851,0,-0.92200240457891702,0,-0.73333794432320776
25,97.847358121330757,28740.844413268893,-13.099536418411216,0,-0.99428198108612009,0,-0.79572259583681415
26,101.76125244618399,26710.218019565888,-1.380905151663792,0,-1.0675550528629461,0,-0.86065355965709822
27,105.67514677103722,24764.301520880079,-9.5325978490811689,0,-1.143198081063834,0,-0.92813083578405975
28,109.58904109589045,22939.102451745501,-3.6191164002605163,0,-1.2197582573901535,0,-0.99815442421769929
29,113.50293542074368,21224.406057371303,5.3993853419037299,0,-1.2974494937780536,0,-1.0707243249580167
30,117.41682974559691,19606.70657729622,4.4563343952921333,0,-1.3767295624013018,0,-1.1458405380050118
31,121.33072407045015,18085.138251987977,-5.837448882570123,0,-1.4575107324797125,0,-1.2235030633586854
32,125.24461839530338,16673.255583847516,-9.5616554564437237,0,-1.5387952687546267,0,-1.3037119010190363
33,129.15851272015661,15360.889990572294,-13.775295705127315,0,-1.6207765742857121,0,-1.3864670509860646
34,133.07240704500984,14171.120930142299,8.3147830634824835,0,-1.7013950859798379,0,-1.4717685132597715
35,136.98630136986307,13036.53756378401,-6.5157470338246668,0,-1.7848452454302008,0,-1.5596162878401554
36,140.9001956947163,12011.532666372481,0.66415442854648388,0,-1.8667339986203639,0,-1.6500103747272177
37,144.81409001956953,11066.018179186956,4.5469486453359496,0,-1.9487222551500614,0,-1.7429507739209578
38,148.72798434442277,10185.393530517187,-4.5423416421869316,0,-2.0316465552446776,0,-1.8384374854213752
39,152.641878669276,9403.535864367368,12.25949355530134,0,-2.1115154680903401,0,-1.9364705092284704
40,156.55577299412923,8661.8199448102059,1.3015508164387413,0,-2.1936763866365339,0,-2.0370498453422439
41,160.46966731898246,7973.6481164815268,-19.111570259781935,0,-2.2764591232943534,0,-2.1401754937626953
42,164.38356164383569,7384.0451351428428,0.8257670229661771,0,-2.3532796326793677,0,-2.2458474544898244
43,168.29745596868892,6821.424449600041,-5.8527377628001069,0,-2.4325329287970812,0,-2.354065727523631
44,172.21135029354215,6340.0868262916629,19.582964627966753,0,-2.5057087790671666,0,-2.4648303128641147
45,176.12524461839539,5859.5897350778278,0.90607493751748425,0,-2.584521652362048,0,-2.5781412105112778
46,180.03913894324862,5437.174898223333,-0.65548026622186528,0,-2.6593416366263218,0,-2.6939984204651184
47,183.95303326810185,5044.1397608730877,-10.058017287570545,0,-2.7343741163611912,0,-2.8124019427256362
48,187.86692759295508,4691.2481287563251,-13.037326898005265,0,-2.8069025698337433,0,-2.9333517772928315
49,191.78082191780831,4395.9633337677687,11.122358345779739,0,-2.8719145467317793,0,-3.0568479241667048
50,195.69471624266154,4082.8945633504954,-9.9643937043871329,0,-2.9457950537455129,0,-3.1828903833472566
51,199.60861056751477,3838.3771039241019,12.799437786414902,0,-3.0075515943408919,0,-3.3114791548344851
52,203.522504892368,3578.990110242019,-1.4834183727395835,0,-3.0775205739152329,0,-3.4426142386283929
53,207.43639921722124,3348.026752714225,-7.2271260605535534,0,-3.1442300991705228,0,-3.5762956347289769
54,211.35029354207447,3145.1485633295215,-2.6996030037317551,0,-3.2067401154418689,0,-3.7125233431362403
55,215.2641878669277,2953.3007355205509,-3.0970555891833835,0,-3.2696778041673706,0,-3.8512973638501817
56,219.17808219178093,2783.461798248004,4.2170940026651325,0,-3.328905838232505,0,-3.9926176968707989
57,223.09197651663416,2610.7153535770217,-4.2035565249762943,0,-3.3929769768098947,0,-4.1364843421980941
58,227.00587084148739,2461.3606794444695,-0.76433876092919095,0,-3.4518869236669816,0,-4.2828972998320687
59,230.91976516634062,2304.1039254155785,-15.624098244995183,0,-3.5179093940876558,0,-4.4318565697727195
60,234.83365949119386,2192.5862499629684,5.8477195572629874,0,-3.5675194592931394,0,-4.58336215202005
61,238.74755381604709,2053.732764762085,-8.5649026408559354,0,-3.6329422441688433,0,-4.737414046574056
62,242.66144814090032,1950.6567585070179,4.9947816184674512,0,-3.6844351273153175,0,-4.8940122534347417
63,246.57534246575355,1850.5554398932077,14.366869123597759,0,-3.7371154106132076,0,-5.0531567726021036
64,250.48923679060678,1744.6359908225891,11.315138404820688,0,-3.7960553097748861,0,-5.214847604076148
65,254.40313111546001,1636.3766557973515,-0.19842882753139413,0,-3.8601168010344638,0,-5.3790847478568651
66,258.31702544031322,1546.3340841495612,0.80603366013718958,0,-3.9167142197736609,0,-5.5458682039442584
67,262.23091976516645,1468.3321566200389,8.5261520929076955,0,-3.9684740730953423,0,-5.7151979723383315
68,266.14481409001968,1381.1610653355588,2.0860153483157831,0,-4.0296767452975999,0,-5.8870740530390862
69,270.05870841487291,1291.9831778480057,-11.049832191105827,0,-4.0964228573870463,0,-6.0614964460465144
70,273.97260273972614,1220.9783476639568,-10.424443001764001,0,-4.1529487807308314,0,-6.2384651513606215
71,277.88649706457937,1160.4784036625988,-3.4487636749306674,0,-4.2037689053729164,0,-6.4179801689814084
72,281.8003913894326,1103.2985612895295,2.9336903556564158,0,-4.254296857644527,0,-6.6000414989088707
73,285.71428571428584,1047.7195053976827,7.2317003635364614,0,-4.3059853398676449,0,-6.784649141143011
74,289.62818003913907,983.3485485970474,-0.73065074622889858,0,-4.3693928877077601,0,-6.9718030956838311
75,293.5420743639923,918.90118699805794,-12.031306757208908,0,-4.4371779271375669,0,-7.1615033625313274
76,297.45596868884553,889.24562318678363,8.3948693651830144,0,-4.4699830325022356,0,-7.3537499416855008
77,301.36986301369876,831.27725447358864,-2.369184556636752,0,-4.5373931426341283,0,-7.5485428331463513
78,305.28375733855199,795.32507277213188,6.1836959075393132,0,-4.5816055937557163,0,-7.7458820369138817
79,309.19765166340522,742.47621937626786,-4.6906143693832441,0,-4.6503656790154633,0,-7.9457675529880909
80,313.11154598825846,699.33054136293583,-8.2330725298778002,0,-4.7102330134545438,0,-8.1481993813689755
81,317.02544031311169,687.7402604847274,17.558106277420961,0,-4.7269452831169998,0,-8.3531775220565407
82,320.93933463796492,620.70081561646327,-14.181797808020002,0,-4.8295073339577579,0,-8.5607019750507813
83,324.85322896281815,603.1660476928887,1.6310737194650546,0,-4.858163993275058,0,-8.7707727403516991
84,328.76712328767138,583.81303026407488,13.793846727609607,0,-4.8907757434926493,0,-8.9833898179592975
85,332.68101761252461,529.66420830462857,-10.56115172464601,0,-4.9881132848835321,0,-9.198553207873573
86,336.59491193737784,514.23394351768263,2.1798735914113085,0,-5.0176782164638425,0,-9.4162629100945239
87,340.50880626223108,478.28277044841411,-7.1338977076341852,0,-5.0901543938446707,0,-9.6365189246221536
88,344.42270058708431,458.08797557910725,-2.147686232296969,0,-5.1332952693181317,0,-9.8593212514564588
89,348.33659491193754,436.03022818480531,-0.41480567264412677,0,-5.1826449497584797,0,-10.084669890597448
90,352.25048923679077,414.05830663347513,0.067865466279104933,0,-5.2343497202157456,0,-10.312564842045111
91,356.164383561644,389.01926444948026,-3.8099229914741866,0,-5.2967276560047489,0,-10.543006105799453
92,360.07827788649723,388.40099305627189,15.471124178676931,0,-5.2983182282019285,0,-10.775993681860474
93,363.99217221135046,355.45819885139838,1.186598220836226,0,-5.3869488631765625,0,-11.01152757022817
94,367.9060665362037,344.90466723951613,8.0619118412931066,0,-5.4170884693992658,0,-11.249607770902545
95,371.81996086105693,326.34927507553414,5.7100943548335152,0,-5.4723883176344268,0,-11.490234283883597
96,375.73385518591016,310.4869157386637,4.8250097562411502,0,-5.5222147602456753,0,-11.733407109171326
97,379.64774951076339,298.4592420463905,6.5448422032420268,0,-5.5617231404516305,0,-11.979126246765734
98,383.56164383561662,294.96057356869881,15.561084462777618,0,-5.5735148229150049,0,-12.227391696666819
99,387.47553816046985,268.64137347914595,0.52527768683739251,0,-5.6669792153744636,0,-12.478203458874585
100,391.38943248532308,253.86983949517708,-4.1861460205618783,0,-5.7235348286609371,0,-12.731561533389026
101,395.30332681017632,248.80831558279323,-0.39242730080939842,0,-5.7436737383364278,0,-12.987465920210148
102,399.21722113502955,246.16409709185095,4.6449015836522998,0,-5.7543581465085269,0,-13.24591661933794
103,403.13111545988278,244.48295484434809,9.5174592180142668,0,-5.7612109292566229,0,-13.506913630772416
104,407.04500978473601,213.6768796807458,-15.801157668707443,0,-5.8958915554752709,0,-13.770456954513572
105,410.95890410958924,224.41500324691287,-0.56433668238607437,0,-5.8468594906007008,0,-14.036546590561404
106,414.87279843444247,213.8478645852816,-7.5291018587548022,0,-5.8950916723529696,0,-14.305182538915908
107,418.7866927592957,225.40795751842094,6.8424799248065851,0,-5.8424446164349462,0,-14.576364799577096
108,422.70058708414894,212.77690940452473,-3.6524379255053403,0,-5.9001122782607078,0,-14.850093372544961
109,426.61448140900217,208.25017464321303,-6.5965220709045882,0,-5.9216164017338748,0,-15.126368257819504
110,430.5283757338554,208.30430392934352,-5.3893364889239521,0,-5.9213565111830855,0,-15.405189455400727
111,434.44227005870863,203.36568882340791,-9.4833029362097658,0,-5.9453507402021746,0,-15.686556965288618
112,438.35616438356186,216.67317486563127,4.4741338447134691,0,-5.8819664097915263,0,-15.970470787483196
113,442.27005870841509,202.94103430786316,-8.7010763133951095,0,-5.9474410559463822,0,-16.256930921984445
114,446.18395303326832,207.88745781730319,-3.2051424958541093,0,-5.9233596563182846,0,-16.545937368792377
115,450.09784735812156,193.91309051964686,-16.571174670317326,0,-5.9929464497283096,0,-16.837490127906985
116,454.01174168297479,203.78513664689024,-5.9873798381249577,0,-5.9432903343494443,0,-17.131589199328275
117,457.92563600782802,212.30404500323564,3.3684488114199858,0,-5.9023370996338409,0,-17.428234583056241
118,461.83953033268125,188.84548644663334,-19.129060269050072,0,-6.0194273727336549,0,-17.727426279090878
119,465.75342465753448,214.45760772677457,7.5456369045983296,0,-5.892244435542656,0,-18.029164287432202
120,469.66731898238771,194.05942699740919,-11.73022273932083,0,-5.9921920845189467,0,-18.3334486080802
121,473.58121330724094,227.13193551485313,22.466782113521123,0,-5.8348254590394015,0,-18.640279241034879
122,477.49510763209418,203.85241354929434,0.24478115757494712,0,-5.942960252378426,0,-18.949656186296224
123,481.40900195694741,211.57139016577858,8.8783674857728396,0,-5.9057940377165705,0,-19.26157944386426
124,485.32289628180064,199.51631083042568,-2.4826095349507709,0,-5.9644605298669777,0,-19.576049013738967
125,489.23679060665387,200.15266275278944,-1.4467303019505142,0,-5.9612761322671517,0,-19.89306489592035
126,493.1506849315071,195.07821678933576,-6.4817715599950212,0,-5.9869559315232257,0,-20.212627090408414
127,497.06457925636033,185.10967945902627,-16.823500075269518,0,-6.0394080100575502,0,-20.534735597203156
128,500.97847358121356,212.25950325068865,9.5050467133734209,0,-5.9025469233593748,0,-20.859390416304592
129,504.8923679060668,193.90644811827678,-10.132781374674337,0,-5.9929807048429131,0,-21.18659154771268
130,508.80626223092003,208.39313521302572,2.6124692138311332,0,-5.9209301525032201,0,-21.51633899142746
131,512.7201565557732,212.46432740732686,4.5157929307246398,0,-5.9015824181551375,0,-21.84863274744891
132,516.63405088062643,200.44453156649797,-10.044546147735629,0,-5.959818963472701,0,-22.183472815777034
133,520.54794520547966,201.75393947412522,-11.571955528072346,0,-5.9533076879302973,0,-22.520859196411845
134,524.4618395303329,218.78172025215474,2.4199503214531584,0,-5.8722819998111095,0,-22.860791889353326
135,528.37573385518613,209.01857711130964,-10.462768018865969,0,-5.9179333876885902,0,-23.203270894601498
136,532.28962818003936,226.14160542137816,3.5870898422577535,0,-5.8391951456847879,0,-23.548296212156345
137,536.20352250489259,211.48318239798618,-13.95720646894695,0,-5.9062110419273326,0,-23.895867842017864
138,540.11741682974582,235.78890497832859,7.7972610080975269,0,-5.7974195870859324,0,-24.245985784186058
139,544.03131115459905,247.61143766729691,17.552328089680067,0,-5.7484957875269593,0,-24.598650038660939
140,547.94520547945228,232.57417066689069,1.0777919836041998,0,-5.8111473336289272,0,-24.953860605442486
141,551.85909980430552,224.20835084485955,-7.955927204568038,0,-5.8477807641580615,0,-25.311617484530721
142,555.77299412915875,250.0080022547877,18.072982959951432,0,-5.7388635950342275,0,-25.671920675925634
143,559.68688845401198,234.15521562771576,3.4593426901588482,0,-5.8043723112932142,0,-26.034770179627216
144,563.60078277886521,231.98564625590475,3.6334184569022732,0,-5.8136810212376568,0,-26.400165995635483
145,567.51467710371844,216.00287761113137,-8.8270480737206363,0,-5.885064791534167,0,-26.768108123950419
146,571.42857142857167,233.25134155899434,13.174546763886571,0,-5.8082399300997469,0,-27.138596564572044
147,575.3424657534249,220.89648275923386,6.8331387314939036,0,-5.8626623334252965,0,-27.511631317500346
148,579.25636007827814,209.19462622797124,2.4120034026307375,0,-5.9170914767892935,0,-27.887212382735324
149,583.17025440313137,196.51998058419477,-1.7293149044103844,0,-5.9795924129010185,0,-28.265339760276973
150,587.0841487279846,203.82628422408439,15.328261798523988,0,-5.9430884382531772,0,-28.646013450125309
151,590.99804305283783,163.57313957776739,-14.008141119205561,0,-6.1630962942242675,0,-29.029233452280312
152,594.91193737769106,145.22387912135488,-20.342910217070607,0,-6.2820799757755399,0,-29.414999766742003
153,598.82583170254429,156.10389061616655,3.5691623655334164,0,-6.2098347703221739,0,-29.803312393510371
154,602.73972602739752,139.13564870414319,0.56069839326432236,0,-6.3249071741858227,0,-30.194171332585405
155,606.65362035225075,113.22252957681316,-10.561853268157183,0,-6.5310013509068678,0,-30.587576583967131
156,610.56751467710399,114.09366953399399,5.8288737433073337,0,-6.5233367478098581,0,-30.983528147655527
157,614.48140900195722,92.750701732170015,0.62962164680419141,0,-6.7304412540989249,0,-31.382026023650607
158,618.39530332681045,91.242645274952238,15.782512604483186,0,-6.7468341319156293,0,-31.783070211952364
159,622.30919765166368,66.143403216704939,7.7530162072308419,0,-7.0685313604304065,0,-32.186660712560801
160,626.22309197651691,35.19526796278474,-5.8266963783549812,0,-7.6994448807116385,0,-32.592797525475902
161,630.13698630137014,22.613046723267864,-0.85430940803474964,0,-8.1418294930519206,0,-33.001480650697694
162,634.05088062622337,12.754738170123536,6.9122502134338548,0,-8.7144536976468032,0,-33.412710088226163
163,637.96477495107661,-0.49736894589121405,11.234666048015674,0,-13.815510557964274,0,-33.826485838061302
164,641.87866927592984,-18.794909382708866,10.334825932990752,0,-13.815510557964274,0,-34.242807900203125
165,645.79256360078307,-48.494336940053216,-2.2769635552763514,0,-13.815510557964274,0,-34.661676274651619
166,649.7064579256363,-69.400989386075452,-6.5463867490908321,0,-13.815510557964274,0,-35.083090961406796
167,653.62035225048953,-82.494007670892216,-3.5996249807923775,0,-13.815510557964274,0,-35.507051960468658
168,657.53424657534276,-79.203067109617834,14.981243670841369,0,-13.815510557964274,0,-35.93355927183719
169,661.44814090019599,-112.21368241187504,-3.6447213227934383,0,-13.815510557964274,0,-36.362612895512399
170,665.36203522504923,-102.82778655876146,19.065450306171485,0,-13.815510557964274,0,-36.794212831494292
171,669.27592954990246,-133.27618109195154,0.73046727305660508,0,-13.815510557964274,0,-37.228359079782848
172,673.18982387475569,-163.78843798640617,-19.020099903783599,0,-13.815510557964274,0,-37.665051640378095
173,677.10371819960892,-147.42460899127997,6.6279824736688546,0,-13.815510557964274,0,-38.104290513280013
174,681.01761252446215,-157.96870111349205,3.7858028411915075,0,-13.815510557964274,0,-38.546075698488615
175,684.93150684931538,-169.35018132554188,-1.5547509751150241,0,-13.815510557964274,0,-38.990407196003886
176,688.84540117416861,-161.74727551134322,10.380549643181423,0,-13.815510557964274,0,-39.437285005825835
177,692.75929549902185,-165.38935289532873,9.3497427220823255,0,-13.815510557964274,0,-39.886709127954475
178,696.67318982387508,-183.05224034385242,-7.3981073630508511,0,-13.815510557964274,0,-40.338679562389792
179,700.58708414872831,-170.91757594785159,4.0186838238373133,0,-13.815510557964274,0,-40.793196309131787
180,704.50097847358154,-168.51028071529237,4.1761465187927396,0,-13.815510557964274,0,-41.250259368180444
181,708.41487279843477,-172.5323965125684,-3.4917862211611128,0,-13.815510557964274,0,-41.709868739535793
182,712.328767123288,-157.1829259915915,6.982543386972103,0,-13.815510557964274,0,-42.172024423197811
183,716.24266144814123,-160.99345144518642,-2.7409817427664667,0,-13.815510557964274,0,-42.636726419166507
184,720.15655577299447,-160.68733398718626,-9.1765745339896601,0,-13.815510557964274,0,-43.103974727441894
185,724.0704500978477,-162.41665578295928,-18.257455478952977,0,-13.815510557964274,0,-43.573769348023937
186,727.98434442270093,-113.48851480283611,22.929493895660762,0,-13.815510557964274,0,-44.046110280912679
187,731.89823874755416,-130.31028566448506,-1.8097862005138341,0,-13.815510557964274,0,-44.52099752610809
188,735.81213307240739,-126.69564511242503,-6.0902238844769885,0,-13.815510557964274,0,-44.998431083610178
189,739.72602739726062,-103.28245503045353,9.6278807175723689,0,-13.815510557964274,0,-45.478410953418944
190,743.63992172211385,-103.26448855215013,2.3019346089351695,0,-13.815510557964274,0,-45.960937135534387
191,747.55381604696709,-102.30087710002152,-3.6058796340759973,0,-13.815510557964274,0,-46.4460096299565
192,751.46771037182032,-99.776815199311756,-7.3909166290576014,0,-13.815510557964274,0,-46.933628436685304
193,755.38160469667355,-89.9488787689708,-3.2510809683562014,0,-13.815510557964274,0,-47.423793555720792
194,759.29549902152678,-68.766012514782389,12.894310047994477,0,-13.815510557964274,0,-47.916504987062936
195,763.20939334638001,-79.595640611602462,-2.3178580566244893,0,-13.815510557964274,0,-48.411762730711764
196,767.12328767123324,-71.025076767031464,2.5090967982789083,0,-13.815510557964274,0,-48.909566786667277
197,771.03718199608647,-65.139525002633562,5.2595279808399109,0,-13.815510557964274,0,-49.409917154929467
198,774.95107632093971,-53.472100307126823,14.361728999939675,0,-13.815510557964274,0,-49.912813835498341
199,778.86497064579294,-44.296636490135455,21.501352845747206,0,-13.815510557964274,0,-50.418256828373877
200,782.77886497064617,-61.537154359506317,2.717647731045278,0,-13.815510557964274,0,-50.926246133556106
201,786.6927592954994,-77.774400947711939,-14.598315030524962,0,-13.815510557964274,0,-51.436781751045004
202,790.60665362035263,-66.199882860696263,-3.6541822476006942,0,-13.815510557964274,0,-51.949863680840593
203,794.52054794520586,-73.961352561820974,-11.599828847020706,0,-13.815510557964274,0,-52.465491922942853
204,798.43444227005909,-59.01066956518747,3.6251123936038838,0,-13.815510557964274,0,-52.983666477351761
205,802.34833659491233,-54.664670267535307,8.7290569769892254,0,-13.815510557964274,0,-53.504387344067375
206,806.26223091976556,-71.773349083951658,-7.102586111820111,0,-13.815510557964274,0,-54.027654523089666
207,810.17612524461879,-71.283796639674108,-4.7755629846397234,0,-13.815510557964274,0,-54.553468014418648
208,814.09001956947202,-67.599890585927852,1.3482909068397606,0,-13.815510557964274,0,-55.081827818054286
209,818.00391389432525,-61.962558355821571,10.06488446582024,0,-13.815510557964274,0,-55.612733933996608
210,821.91780821917848,-84.990626276792369,-9.2191248569605424,0,-13.815510557964274,0,-56.146186362245615
211,825.83170254403171,-80.639652169433546,-0.45111945156456856,0,-13.815510557964274,0,-56.682185102801299
212,829.74559686888495,-80.588980859564614,4.6750821754898242,0,-13.815510557964274,0,-57.220730155663631
213,833.65949119373818,-84.57193232915165,6.3847003194257699,0,-13.815510557964274,0,-57.761821520832662
214,837.57338551859141,-94.74221162415283,2.4525822012877572,0,-13.815510557964274,0,-58.305459198308384
215,841.48727984344464,-111.47637321266667,-7.600674202522085,0,-13.815510557964274,0,-58.851643188090783
216,845.40117416829787,-102.22174952651478,8.6436954809785185,0,-13.815510557964274,0,-59.400373490179845
217,849.3150684931511,-107.53546116190047,10.465780302329847,0,-13.815510557964274,0,-59.951650104575585
218,853.22896281800433,-120.51634549698115,4.5790260496583022,0,-13.815510557964274,0,-60.505473031278015
219,857.14285714285757,-137.11751514090031,-5.1767005937290413,0,-13.815510557964274,0,-61.061842270287116
220,861.0567514677108,-127.44351671630422,10.874792217789793,0,-13.815510557964274,0,-61.620757821602908
221,864.97064579256403,-130.75568260008848,13.248871624794019,0,-13.815510557964274,0,-62.182219685225341
222,868.88454011741726,-137.6409823894401,11.140202105546024,0,-13.815510557964274,0,-62.746227861154473
223,872.79843444227049,-147.65814571199991,4.785952380757986,0,-13.815510557964274,0,-63.312782349390297
224,876.71232876712372,-148.76059753473797,6.0521017112405326,0,-13.815510557964274,0,-63.881883149932783
225,880.62622309197695,-162.66984643401179,-6.9312474398793134,0,-13.815510557964274,0,-64.453530262781968
226,884.54011741683018,-162.54218227872764,-7.4288464857662859,0,-13.815510557964274,0,-65.02772368793778
227,888.45401174168342,-146.02140322416855,6.8533067577255116,0,-13.815510557964274,0,-65.604463425400311
228,892.36790606653665,-173.93978017466807,-24.928400102584298,0,-13.815510557964274,0,-66.183749475169506
229,896.28180039138988,-139.57051616428811,3.9949245369216921,0,-13.815510557964274,0,-66.765581837245392
230,900.19569471624311,-125.71901509901791,10.913774403335044,0,-13.815510557964274,0,-67.349960511627941
231,904.10958904109634,-126.43776588989854,1.9234237559310008,0,-13.815510557964274,0,-67.936885498317181
232,908.02348336594957,-115.93044787727908,3.0155944056245101,0,-13.815510557964274,0,-68.526356797313099
233,911.9373776908028,-128.97470405411721,-20.350710309852534,0,-13.815510557964274,0,-69.118374408615693
234,915.85127201565604,-98.505862337158234,-0.84125151346529692,0,-13.815510557964274,0,-69.712938332224965
235,919.76516634050927,-71.253724756034842,15.106733475904221,0,-13.815510557964274,0,-70.310048568140886
236,923.6790606653625,-57.452896717835046,17.563103048651353,0,-13.815510557964274,0,-70.909705116363511
237,927.59295499021573,-65.095472740375797,-1.1596590681743146,0,-13.815510557964274,0,-71.511907976892829
238,931.50684931506896,-52.404219562088009,1.0084389533772502,0,-13.815510557964274,0,-72.116657149728809
239,935.42074363992219,-39.672895028265785,4.0430501237208274,0,-13.815510557964274,0,-72.723952634871438
240,939.33463796477542,-28.735476460603184,6.345684425895147,0,-13.815510557964274,0,-73.333794432320801
241,943.24853228962866,-39.796141831175376,-12.095388666425986,0,-13.815510557964274,0,-73.946182542076798
242,947.16242661448189,-34.309091097142911,-12.592177762505068,0,-13.815510557964274,0,-74.561116964139515
243,951.07632093933512,-6.495429240164114,10.721179953888512,0,-13.815510557964274,0,-75.178597698508867
244,954.99021526418835,-23.697060323346356,-9.46795738819905,0,-13.815510557964274,0,-75.798624745184895
245,958.90410958904158,-6.0356859678476624,6.6903789111135037,0,-13.815510557964274,0,-76.421198104167644
246,962.81800391389481,5.4280392110486986,18.052299547304173,0,-9.5687785556084926,0,-77.046317775457041
247,966.73189823874804,-9.5115483211200864,4.2791065818472624,0,-13.815510557964274,0,-77.673983759053144
248,970.64579256360128,-7.7407865360586836,8.3088739044093085,0,-13.815510557964274,0,-78.304196054955867
249,974.55968688845451,-25.983342221935445,-6.79120488955546,0,-13.815510557964274,0,-78.936954663165309
250,978.47358121330774,-22.107883375899839,0.87780135161328821,0,-13.815510557964274,0,-79.572259583681401
251,982.38747553816097,-39.051906443486274,-11.866212225098948,0,-13.815510557964274,0,-80.210110816504226
252,986.3013698630142,-26.775188946414186,4.7714277696249825,0,-13.815510557964274,0,-80.850508361633658
253,990.21526418786743,-40.689906659861883,-4.857008653137818,0,-13.815510557964274,0,-81.493452219069823
254,994.12915851272066,-27.209009901972571,12.62006440368639,0,-13.815510557964274,0,-82.138942388812623
255,998.0430528375739,-29.642929153137143,13.705652571110218,0,-13.815510557964274,0,-82.786978870862157
256,1001.9569471624271,-49.305537552924726,-3.0646196631734162,0,-13.815510557964274,0,-83.437561665218368
257,1005.8708414872804,-56.554410646796747,-8.157516987423362,0,-13.815510557964274,0,-84.090690771881171
258,1009.7847358121336,-54.144641419328529,-4.3928205529227293,0,-13.815510557964274,0,-84.746366190850722
259,1013.6986301369868,-65.373237095610563,-15.086646022617378,0,-13.815510557964274,0,-85.404587922126922
260,1017.6125244618401,-42.686122887611916,7.340580663635202,0,-13.815510557964274,0,-86.065355965709841
261,1021.5264187866933,-53.728040968119529,-4.6886486818665665,0,-13.815510557964274,0,-86.728670321599367
262,1025.4403131115464,-62.508258832382324,-15.079181660426297,0,-13.815510557964274,0,-87.394530989795641
263,1029.3542074363995,-35.71402432633262,9.6173965522750429,0,-13.815510557964274,0,-88.062937970298535
264,1033.2681017612526,-48.701627256403555,-5.7953182663489846,0,-13.815510557964274,0,-88.733891263108106
265,1037.1819960861058,-47.433856559656654,-7.1037690388367505,0,-13.815510557964274,0,-89.407390868224368
266,1041.0958904109589,-42.938752116253426,-5.1513612287668042,0,-13.815510557964274,0,-90.083436785647322
267,1045.009784735812,-19.907558127613921,15.555319889027349,0,-13.815510557964274,0,-90.76202901537691
268,1048.9236790606651,-51.18095887289509,-17.647790472228241,0,-13.815510557964274,0,-91.44316755741319
269,1052.8375733855182,-20.809949129979877,11.349288512822483,0,-13.815510557964274,0,-92.126852411756175
270,1056.7514677103713,-32.850897198021059,-1.3714000257902614,0,-13.815510557964274,0,-92.813083578405795
271,1060.6653620352245,-33.080560887250513,-1.476812406019935,0,-13.815510557964274,0,-93.501861057362134
272,1064.5792563600776,-46.558306235053863,-13.95013566341145,0,-13.815510557964274,0,-94.193184848625179
273,1068.4931506849307,-43.970104448687451,-9.4386331837790145,0,-13.815510557964274,0,-94.887054952194831
274,1072.4070450097838,-63.77409855167172,-26.401790128311269,0,-13.815510557964274,0,-95.583471368071201
275,1076.3209393346369,-43.428623294061801,-2.3405585952672183,0,-13.815510557964274,0,-96.282434096254249
276,1080.2348336594901,-35.13874114724581,10.456296004950655,0,-13.815510557964274,0,-96.983943136743932
277,1084.1487279843432,-64.014811444018932,-13.244732881523994,0,-13.815510557964274,0,-97.687998489540334
278,1088.0626223091963,-51.881180861496667,4.5725172254393289,0,-13.815510557964274,0,-98.394600154643413
279,1091.9765166340494,-44.945548938678741,17.509044310520075,0,-13.815510557964274,0,-99.103748132053127
280,1095.8904109589025,-69.291008904353404,-0.73546692833394722,0,-13.815510557964274,0,-99.815442421769561
281,1099.8043052837556,-83.683974484587836,-9.1634417805012855,0,-13.815510557964274,0,-100.52968302379267
282,1103.7181996086088,-89.75295708178021,-9.6500031994403468,0,-13.815510557964274,0,-101.24646993812246
283,1107.6320939334619,-85.801478190383961,-0.74687390855216407,0,-13.815510557964274,0,-101.96580316475894
284,1111.545988258315,-86.922408273647619,2.2128180744551025,0,-13.815510557964274,0,-102.68768270370207
285,1115.4598825831681,-97.111708361441686,-4.989497156294763,0,-13.815510557964274,0,-103.41210855495186
286,1119.3737769080212,-91.698499196591058,2.1215818922365273,0,-13.815510557964274,0,-104.13908071850835
287,1123.2876712328743,-103.24100212121354,-9.1716740192818182,0,-13.815510557964274,0,-104.86859919437154
288,1127.2015655577275,-93.947016674952479,-1.1928349240778862,0,-13.815510557964274,0,-105.60066398254139
289,1131.1154598825806,-87.747247026920718,2.0616480613061801,0,-13.815510557964274,0,-106.33527508301788
290,1135.0293542074337,-89.632232366275858,-4.4100501859254964,0,-13.815510557964274,0,-107.0724324958011
291,1138.9432485322868,-80.974831383651946,-1.9353235223429708,0,-13.815510557964274,0,-107.81213622089098
292,1142.8571428571399,-81.729672296293273,-10.366650218777995,0,-13.815510557964274,0,-108.55438625828755
293,1146.7710371819931,-44.673061862921486,17.675979446956052,0,-13.815510557964274,0,-109.29918260799079
294,1150.6849315068462,-44.066118007518519,8.1369845308295083,0,-13.815510557964274,0,-110.04652527000067
295,1154.5988258316993,-55.619806056757291,-14.447062484088057,0,-13.815510557964274,0,-110.79641424431728
296,1158.5127201565524,-10.591864697710665,18.946424377636912,0,-13.815510557964274,0,-111.54884953094053
297,1162.4266144814055,-27.60331413308753,-10.00127830468359,0,-13.815510557964274,0,-112.30383112987049
298,1166.3405088062586,7.7403052961329504,13.416631112789265,0,-9.2139153906347779,0,-113.06135904110708
299,1170.2544031311118,8.0642482031733032,2.1353129326807863,0,-9.1729160313846467,0,-113.82143326465041
300,1174.1682974559649,4.5959588885702551,-12.322759678968392,0,-9.735179106502482,0,-114.58405380050039
301,1178.082191780818,9.9243054704769449,-17.100366663888561,0,-8.9653696750643501,0,-115.34922064865705
302,1181.9960861056711,43.030200963366056,7.0144890608513188,0,-7.4984543042554472,0,-116.1169338091204
303,1185.9099804305242,41.516064209861213,-2.1908340601185992,0,-7.5342760796722201,0,-116.88719328189042
304,1189.8238747553773,43.090344680713081,-6.8758406967476082,0,-7.4970575707193339,0,-117.65999906696706
305,1193.7377690802305,53.770093258911068,-0.9486517182465769,0,-7.2756390961791162,0,-118.43535116435045
306,1197.6516634050836,49.693836095829354,-8.2548607339882611,0,-7.3544756182088689,0,-119.21324957404049
307,1201.5655577299367,52.759868933559375,-6.9383454362032895,0,-7.2946056777582404,0,-119.99369429603719
308,1205.4794520547898,58.148402995836612,-1.9157063802110286,0,-7.1973581063439784,0,-120.7766853303406
309,1209.3933463796429,46.199923078389276,-12.992201340448712,0,-7.4273783882869697,0,-121.56222267695068
310,1213.3072407044961,60.807797962928561,3.5385282119405099,0,-7.1526384846860998,0,-122.3503063358674
311,1217.2211350293492,52.956664504620889,-1.5579618979309124,0,-7.2908825931662227,0,-123.14093630709088
312,1221.1350293542023,25.985769111826968,-25.18332651846444,0,-8.0028074750809068,0,-123.934112590621
313,1225.0489236790554,42.003622734194209,-5.4809819352541673,0,-7.5226006512637245,0,-124.72983518645776
314,1228.9628180039085,47.807321853849928,4.0940418565536323,0,-7.3931777167775294,0,-125.52810409460123
315,1232.8767123287616,40.576478356036738,0.47940442918209436,0,-7.5571679735207375,0,-126.32891931505138
316,1236.7906066536148,41.383359726911777,4.5250780153369572,0,-7.5374776603346794,0,-127.13228084780818
317,1240.7045009784679,24.307067986382101,-9.884251016857009,0,-8.0695893497123485,0,-127.93818869287168
318,1244.618395303321,23.643788604900223,-8.6122601140097803,0,-8.0972560792314798,0,-128.74664285024187
319,1248.5322896281741,43.615434240690277,12.442576592825784,0,-7.4849454373441748,0,-129.5576433199187
320,1252.4461839530272,34.010645003889998,2.9910531811323988,0,-7.7336829574394095,0,-130.37119010190227
321,1256.3600782778803,21.765431513803851,-10.064939132931862,0,-8.1800335205536321,0,-131.18728319619248
322,1260.2739726027335,46.803219237772083,13.207002125952712,0,-7.41440453371359,0,-132.00592260278935
323,1264.1878669275866,42.326384954681302,6.0590165958657298,0,-7.5149458720132651,0,-132.82710832169292
324,1268.1017612524397,44.71852020168977,4.9614506468770401,0,-7.459968783406107,0,-133.65084035290317
325,1272.0156555772928,27.896980814754734,-16.049625119239892,0,-7.9318380529565617,0,-134.47711869642006
326,1275.9295499021459,38.016595142136701,-10.674698249532362,0,-7.6223337427421276,0,-135.30594335224367
327,1279.8434442269991,47.476309479884371,-6.3508176612310177,0,-7.4001256825707094,0,-136.13731432037395
328,1283.7573385518522,49.145390348763357,-10.032389725649704,0,-7.3655734666192005,0,-136.97123160081088
329,1287.6712328767053,58.610273580896298,-5.9513731732467603,0,-7.1894465231064819,0,-137.80769519355451
330,1291.5851272015584,69.344599522896743,-0.45404485811486961,0,-7.021268250452013,0,-138.64670509860485
331,1295.4990215264115,75.952678886260315,1.2361713553008462,0,-6.9302460212751011,0,-139.48826131596181
332,1299.4129158512646,90.830463459151403,11.674115676386844,0,-6.7513617914124113,0,-140.33236384562548
333,1303.3268101761178,81.768371800779079,-1.2089195424788368,0,-6.8564660053663262,0,-141.17901268759584
334,1307.2407045009709,83.056575425311195,-3.0034806548083379,0,-6.8408345141818208,0,-142.02820784187281
335,1311.154598825824,85.350208139703952,-2.9591743096266416,0,-6.8135936335050165,0,-142.87994930845653
336,1315.0684931506771,60.197504220570593,-29.457784629305142,0,-7.1627256280780403,0,-143.73423708734691
337,1318.9823874755302,79.211237824190945,-10.841941009583989,0,-6.8882383409290622,0,-144.59107117854393
338,1322.8962818003833,90.011689415486686,0.5288064949638831,0,-6.760416977112774,0,-145.45045158204766
339,1326.8101761252365,90.963079034807976,3.0163101937795878,0,-6.7499028221073312,0,-146.31237829785809
340,1330.7240704500896,73.942585185213275,-11.524512889687283,0,-6.9570676052221394,0,-147.17685132597518
341,1334.6379647749427,79.53321516772715,-2.5496256473184147,0,-6.8841817861456205,0,-148.04387066639896
342,1338.5518590997958,95.089086537710386,17.242902985708561,0,-6.7055423161899599,0,-148.9134363191294
343,1342.4657534246489,70.973653555372607,-1.8453178499062339,0,-6.9980477899129143,0,-149.78554828416648
344,1346.3796477495021,57.745575040785532,-9.3237449668047052,0,-7.2043097976074915,0,-150.66020656151028
345,1350.2935420743552,54.708257868743495,-5.9603511372262279,0,-7.2583418568478919,0,-151.53741115116077
346,1354.2074363992083,63.62715718048544,9.9381251462996012,0,-7.1073161425025297,0,-152.41716205311786
347,1358.1213307240614,47.253765461942315,1.0519370274349475,0,-7.4048241783226203,0,-153.29945926738174
348,1362.0352250489145,47.997064513356079,9.7208012568083824,0,-7.3892166683373075,0,-154.18430279395221
349,1365.9491193737676,20.218742940421258,-9.7606153020186373,0,-8.253746478862233,0,-155.07169263282941
350,1369.8630136986208,20.409112416650224,-0.96719994402138765,0,-8.2443750331974588,0,-155.9616287840133
351,1373.7769080234739,0.88958562043575817,-11.641905366812455,0,-11.377356041098317,0,-156.85411124750385
352,1377.690802348327,3.0816609520286988,-0.42815196100652736,0,-10.134887799632564,0,-157.74914002330104
353,1381.6046966731801,-16.552151705439201,-10.930479969613234,0,-13.815510557964274,0,-158.64671511140494
354,1385.5185909980332,-13.374413872308956,1.4178246780256285,0,-13.815510557964274,0,-159.54683651181551
355,1389.4324853228864,-18.960977244169484,4.9652293917065879,0,-13.815510557964274,0,-160.44950422453277
356,1393.3463796477395,-42.481445800000216,-9.5393224839452113,0,-13.815510557964274,0,-161.35471824955667
357,1397.2602739725926,-38.401035588287918,3.3515484598182606,0,-13.815510557964274,0,-162.26247858688728
358,1401.1741682974457,-54.75798721661689,-4.4931846172697041,0,-13.815510557964274,0,-163.17278523652456
359,1405.0880626222988,-51.849805228075311,6.5321769052747056,0,-13.815510557964274,0,-164.08563819846856
360,1409.0019569471519,-53.417024465810584,12.588443151273413,0,-13.815510557964274,0,-165.00103747271919
361,1412.9158512720051,-84.293156320590654,-11.255566515914214,0,-13.815510557964274,0,-165.91898305927646
362,1416.8297455968582,-76.95432134530337,2.4307256451263552,0,-13.815510557964274,0,-166.83947495814047
363,1420.7436399217113,-61.473718058126849,23.488900254318072,0,-13.815510557964274,0,-167.76251316931115
364,1424.6575342465644,-87.08077388385496,2.6161923495825463,0,-13.815510557964274,0,-168.68809769278852
365,1428.5714285714175,-97.671292145450309,-4.1410230002215433,0,-13.815510557964274,0,-169.61622852857252
366,1432.4853228962706,-94.981472925664747,1.4419564405582472,0,-13.815510557964274,0,-170.54690567666321
367,1436.3992172211238,-97.257573837016608,1.1010529788004231,0,-13.815510557964274,0,-171.4801291370606
368,1440.3131115459769,-91.608118524092049,7.7329136985103331,0,-13.815510557964274,0,-172.41589890976465
369,1444.22700587083,-101.95432884758986,-2.5547767558793364,0,-13.815510557964274,0,-173.35421499477542
370,1448.1409001956831,-80.267160398241586,18.319385372624705,0,-13.815510557964274,0,-174.29507739209285
371,1452.0547945205362,-107.18064836790717,-10.20412142416885,0,-13.815510557964274,0,-175.23848610171689
372,1455.9686888453894,-84.887973461915436,9.7759581291728246,0,-13.815510557964274,0,-176.18444112364767
373,1459.8825831702425,-110.86838315059681,-19.108287119837385,0,-13.815510557964274,0,-177.13294245788515
374,1463.7964774950956,-82.190360307171787,6.1992767271978808,0,-13.815510557964274,0,-178.08399010442923
375,1467.7103718199487,-101.71024434304013,-17.023786886628233,0,-13.815510557964274,0,-179.03758406328004
376,1471.6242661448018,-70.779549597664271,10.010063544110601,0,-13.815510557964274,0,-179.99372433443753
377,1475.5381604696549,-83.89856194567821,-7.0592922245418874,0,-13.815510557964274,0,-180.95241091790166
378,1479.4520547945081,-81.094349308938234,-8.1213966469020598,0,-13.815510557964274,0,-181.91364381367248
379,1483.3659491193612,-61.314599650015147,8.0076539775430788,0,-13.815510557964274,0,-182.87742302175008
380,1487.2798434442143,-71.124191502866978,-5.114086390345868,0,-13.815510557964274,0,-183.84374854213422
381,1491.1937377690674,-58.303573796258341,4.8451048378479076,0,-13.815510557964274,0,-184.81262037482512
382,1495.1076320939205,-60.851056176601666,-0.013151224701880121,0,-13.815510557964274,0,-185.78403851982264
383,1499.0215264187736,-80.511141342060327,-21.346578152059553,0,-13.815510557964274,0,-186.75800297712684
384,1502.9354207436268,-64.110300401531262,-5.9084564554793584,0,-13.815510557964274,0,-187.73451374673775
385,1506.8493150684799,-59.48334112868956,-1.4740781313035598,0,-13.815510557964274,0,-188.71357082865535
386,1510.763209393333,-39.520528970507968,19.112260160274829,0,-13.815510557964274,0,-189.69517422287956
387,1514.6771037181861,-66.761209186625734,-6.6561567546669389,0,-13.815510557964274,0,-190.67932392941051
388,1518.5909980430392,-57.816212899058101,4.6293041026075734,0,-13.815510557964274,0,-191.66601994824816
389,1522.5048923678924,-67.716540228134846,-2.0560082007818261,0,-13.815510557964274,0,-192.65526227939242
390,1526.4187866927455,-68.875066026089883,0.86814779090643557,0,-13.815510557964274,0,-193.64705092284333
391,1530.3326810175986,-63.717620204324568,10.955534240971893,0,-13.815510557964274,0,-194.64138587860106
392,1534.2465753424517,-82.545110496927506,-2.1291150588555059,0,-13.815510557964274,0,-195.63826714666536
393,1538.1604696673048,-78.16395895078729,8.7589840273588386,0,-13.815510557964274,0,-196.63769472703635
394,1542.0743639921579,-89.50481507808162,4.6255155333216038,0,-13.815510557964274,0,-197.63966861971409
395,1545.9882583170111,-101.81905103211224,0.14030245102259231,0,-13.815510557964274,0,-198.64418882469838
396,1549.9021526418642,-118.67914732428163,-8.3630442612314511,0,-13.815510557964274,0,-199.65125534198947
397,1553.8160469667173,-107.0903341556743,12.001688601358316,0,-13.815510557964274,0,-200.66086817158714
398,1557.7299412915704,-113.78331960213727,14.381564082379031,0,-13.815510557964274,0,-201.67302731349153
399,1561.6438356164235,-133.08753063878066,4.3128176518051333,0,-13.815510557964274,0,-202.68773276770256
400,1565.5577299412766,-165.68642006435547,-19.032269743776588,0,-13.815510557964274,0,-203.70498453422036
401,1569.4716242661298,-155.52380280526128,0.25107372208510054,0,-13.815510557964274,0,-204.72478261304477
402,1573.3855185909829,-188.93863929962623,-24.331347286312521,0,-13.815510557964274,0,-205.74712700417587
403,1577.299412915836,-179.16188235846363,-6.1657714869045517,0,-13.815510557964274,0,-206.77201770761371
404,1581.2133072406891,-194.60500879135321,-13.814928962288199,0,-13.815510557964274,0,-207.79945472335805
405,1585.1272015655422,-188.14988319258092,-0.30366596543605556,0,-13.815510557964274,0,-208.82943805140926
406,1589.0410958903954,-181.65328793571291,12.380746387296057,0,-13.815510557964274,0,-209.86196769176703
407,1592.9549902152485,-209.05734755126983,-9.8177864964312924,0,-13.815510557964274,0,-210.89704364443153
408,1596.8688845401016,-197.60464867081444,5.7643550189547108,0,-13.815510557964274,0,-211.93466590940267
409,1600.7827788649547,-196.82045782253221,9.5314182190130019,0,-13.815510557964274,0,-212.97483448668055
410,1604.6966731898078,-205.98743641800488,2.1560311248553088,0,-13.815510557964274,0,-214.01754937626504
411,1608.6105675146609,-208.93333230471265,-0.20679386868020438,0,-13.815510557964274,0,-215.06281057815625
412,1612.5244618395141,-191.63650810207113,16.475654607469924,0,-13.815510557964274,0,-216.1106180923542
413,1616.4383561643672,-191.86786910526226,14.471802228364085,0,-13.815510557964274,0,-217.16097191885865
414,1620.3522504892203,-206.40761698070568,-2.931936640898436,0,-13.815510557964274,0,-218.21387205766996
415,1624.2661448140734,-189.06405282807182,10.548166454467969,0,-13.815510557964274,0,-219.26931850878779
416,1628.1800391389265,-198.95639147207783,-4.0923864930412321,0,-13.815510557964274,0,-220.3273112722124
417,1632.0939334637796,-185.08366308127623,4.2812698078185853,0,-13.815510557964274,0,-221.38785034794361
418,1636.0078277886328,-181.21037999801533,2.0535040625274088,0,-13.815510557964274,0,-222.45093573598163
419,1639.9217221134859,-177.08584275545317,-0.36587344633954988,0,-13.815510557964274,0,-223.5165674363262
420,1643.835616438339,-163.00195020679058,6.8954040140061306,0,-13.815510557964274,0,-224.58474544897754
421,1647.7495107631921,-149.04303036951194,13.916798049402136,0,-13.815510557964274,0,-225.65546977393547
422,1651.6634050880452,-153.65902428146606,2.4062754565059343,0,-13.815510557964274,0,-226.72874041120016
423,1655.5772994128984,-156.13155276234039,-6.7711452520578099,0,-13.815510557964274,0,-227.80455736077153
424,1659.4911937377515,-152.9151774997672,-9.9397197390992673,0,-13.815510557964274,0,-228.88292062264949
425,1663.4050880626046,-135.98570011871138,1.0341850210482986,0,-13.815510557964274,0,-229.96383019683415
426,1667.3189823874577,-141.54166837038039,-9.9632281030931775,0,-13.815510557964274,0,-231.0472860833255
427,1671.2328767123108,-128.59581229698017,-1.8875269472334897,0,-13.815510557964274,0,-232.1332882821236
428,1675.1467710371639,-120.70787601789586,1.7292784399385643,0,-13.815510557964274,0,-233.22183679322828
429,1679.0606653620171,-116.99810598157261,1.7645913875522421,0,-13.815510557964274,0,-234.31293161663967
430,1682.9745596868702,-112.62285659577029,3.0302213563965896,0,-13.815510557964274,0,-235.4065727523577
431,1686.8884540117233,-98.786782060925177,14.26205919715964,0,-13.815510557964274,0,-236.50276020038251
432,1690.8023483365764,-113.56169248142665,-2.6956920834111031,0,-13.815510557964274,0,-237.60149396071398
433,1694.7162426614295,-96.858875372423938,12.141353089358933,0,-13.815510557964274,0,-238.70277403335206
434,1698.6301369862827,-104.09565227655061,3.2363241781467309,0,-13.815510557964274,0,-239.80660041829682
435,1702.5440313111358,-89.894818753619646,15.837461432983613,0,-13.815510557964274,0,-240.91297311554823
436,1706.4579256359889,-122.09541355282219,-18.026441595212862,0,-13.815510557964274,0,-242.02189212510646
437,1710.371819960842,-124.74509234347759,-22.532111294337085,0,-13.815510557964274,0,-243.13335744697125
438,1714.2857142856951,-100.92239112265352,-0.87799723000732821,0,-13.815510557964274,0,-244.24736908114272
439,1718.1996086105482,-102.48742766853732,-5.0294751135638469,0,-13.815510557964274,0,-245.36392702762086
440,1722.1135029354014,-84.070237228171592,10.297462273753526,0,-13.815510557964274,0,-246.48303128640578
441,1726.0273972602545,-79.385953922534739,11.324572491000264,0,-13.815510557964274,0,-247.60468185749721
442,1729.9412915851076,-86.185687352055695,0.26276496484242284,0,-13.815510557964274,0,-248.72887874089548
443,1733.8551859099607,-69.787670752064372,11.78186631399938,0,-13.815510557964274,0,-249.85562193660039
444,1737.7690802348138,-76.117086096117944,-0.029661567959659317,0,-13.815510557964274,0,-250.98491144461192
445,1741.6829745596669,-69.00808514251824,1.0315140270739092,0,-13.815510557964274,0,-252.11674726493021
446,1745.5968688845201,-66.92328096420168,-3.4387577694382148,0,-13.815510557964274,0,-253.25112939755508
447,1749.5107632093732,-54.258728580270102,2.239163793674658,0,-13.815510557964274,0,-254.38805784248669
448,1753.4246575342263,-51.31385213939302,-2.1455506697396718,0,-13.815510557964274,0,-255.52753259972491
449,1757.3385518590794,-39.697793784464615,1.8948466138373377,0,-13.815510557964274,0,-256.66955366926993
450,1761.2524461839325,-29.792521999007654,4.0790254277933826,0,-13.815510557964274,0,-257.81412105112145
451,1765.1663405087857,-38.116183281997799,-12.010957917669858,0,-13.815510557964274,0,-258.96123474527985
452,1769.0802348336388,-0.78000604402105722,17.609876545094991,0,-13.815510557964274,0,-260.11089475174492
453,1772.9941291584919,11.426192762455571,22.241189374457583,0,-8.8244481907326549,0,-261.26310107051643
454,1776.908023483345,-14.635999732551811,-11.174480511365331,0,-13.815510557964274,0,-262.41785370159488
455,1780.8219178081981,11.629340758009775,8.0303965986441046,0,-8.8068252410873367,0,-263.57515264497982
456,1784.7358121330512,1.4205968511287743,-8.8834381414853887,0,-10.909279420402596,0,-264.73499790067154
457,1788.6497064579044,1.6771278161042886,-14.922627899700249,0,-10.743273824350201,0,-265.89738946866981
458,1792.5636007827575,22.240337434979335,-0.19865928238410072,0,-8.1584488796999448,0,-267.06232734897497
459,1796.4774951076106,29.502051749879275,1.7223300759819984,0,-7.8758967096327552,0,-268.22981154158668
460,1800.3913894324637,34.845309274701542,2.2622297075907127,0,-7.7094379908254203,0,-269.39984204650511
461,1804.3052837573168,44.416138935675448,7.6044293951044928,0,-7.4667536284692479,0,-270.57241886373026
462,1808.2191780821699,28.962194527286094,-11.46628357194067,0,-7.8943651788809293,0,-271.74754199326185
463,1812.1330724070231,36.445625368621918,-6.9502143155188856,0,-7.6645350874730935,0,-272.92521143510038
464,1816.0469667318762,27.069531820463428,-18.606414132939211,0,-7.9619477130702752,0,-274.10542718924546
465,1819.9608610567293,40.214519041997988,-7.0170331916787312,0,-7.5661284207856738,0,-275.28818925569726
466,1823.8747553815824,55.17119143599465,7.1435028912872331,0,-7.2499155986299764,0,-276.47349763445567
467,1827.7886497064355,39.716564054613364,-8.3174205364725626,0,-7.5785881901318888,0,-277.66135232552091
468,1831.7025440312887,38.660199910413951,-8.5672701173581043,0,-7.6055458766480699,0,-278.8517533288927
469,1835.6164383561418,67.121583814119617,21.525964801334286,0,-7.053850862768928,0,-280.04470064457121
470,1839.5303326809949,52.204764113415003,9.0653881655446042,0,-7.3051827641387739,0,-281.24019427255632
471,1843.444227005848,41.465739627248219,1.5898497275345922,0,-7.5354889862723544,0,-282.43823421284822
472,1847.3581213307011,55.92997671661108,20.089277731697489,0,-7.2362560288651085,0,-283.63882046544683
473,1851.2720156555542,11.01628036559373,-20.072861092773422,0,-8.8609823095389011,0,-284.84195303035199
474,1855.1859099804074,35.941208738413145,10.244384735022669,0,-7.678472008492915,0,-286.04763190756387
475,1859.0998043052605,33.465955033092158,13.706910087745909,0,-7.749827866991339,0,-287.25585709708241
476,1863.0136986301136,18.226712265040533,4.8375673009211697,0,-8.3574682964792331,0,-288.46662859890773
477,1866.9275929549667,2.6817980287595047,-4.0340360571453289,0,-10.273869045584025,0,-289.6799464130396
478,1870.8414872798198,5.3568107445563609,5.4771956055323106,0,-9.581987733753504,0,-290.89581053947825
479,1874.7553816046729,2.7077158976121787,9.6792309265539362,0,-10.264251084112468,0,-292.11422097822344
480,1878.6692759295261,-17.397905835401247,-3.7110470013646157,0,-13.815510557964274,0,-293.33517772927536
481,1882.5831702543792,-19.324261996507111,0.7937871772845323,0,-13.815510557964274,0,-294.55868079263405
482,1886.4970645792323,-31.707034099423019,-5.582981969759178,0,-13.815510557964274,0,-295.78473016829935
483,1890.4109589040854,-37.901830268943165,-6.325946807405999,0,-13.815510557964274,0,-297.01332585627142
484,1894.3248532289385,-30.951588976459828,5.4092178181835449,0,-13.815510557964274,0,-298.24446785655005
485,1898.2387475537917,-61.574320713574828,-21.188499914927718,0,-13.815510557964274,0,-299.47815616913545
486,1902.1526418786448,-47.544045999126865,-3.9637540496293826,0,-13.815510557964274,0,-300.71439079402734
487,1906.0665362034979,-37.222405842655043,8.6752384394724853,0,-13.815510557964274,0,-301.95317173122618
488,1909.980430528351,-19.486620523603754,27.829452961332429,0,-13.815510557964274,0,-303.19449898073145
489,1913.8943248532041,-54.862540986570778,-7.0242352708097151,0,-13.815510557964274,0,-304.4383725425435
490,1917.8082191780572,-51.668261641384667,-4.1777933620645333,0,-13.815510557964274,0,-305.68479241666239
491,1921.7221135029104,-48.749375542509782,-2.429198191273938,0,-13.815510557964274,0,-306.93375860308765
492,1925.6360078277635,-39.69684220450246,4.6971336359756855,0,-13.815510557964274,0,-308.18527110181975
493,1929.5499021526166,-38.886500620208665,2.9077712266723985,0,-13.815510557964274,0,-309.43932991285857
494,1933.4637964774697,-21.981780066103511,16.634155435877517,0,-13.815510557964274,0,-310.69593503620405
495,1937.3776908023228,-28.179243680770739,6.7834668293959774,0,-13.815510557964274,0,-311.95508647185608
496,1941.2915851271759,-31.402149998866545,-0.4585618531363167,0,-13.815510557964274,0,-313.216784219815
497,1945.2054794520291,-24.478282480596619,2.1909952481869914,0,-13.815510557964274,0,-314.48102828008035
498,1949.1193737768822,-14.215384544763555,8.0335060436425181,0,-13.815510557964274,0,-315.74781865265254
499,1953.0332681017353,-21.163367699199441,-3.376431840994135,0,-13.815510557964274,0,-317.01715533753134
500,1956.9471624265884,-9.6183060989348146,3.7624012815036649,0,-13.815510557964274,0,-318.28903833471685
501,1960.8610567514415,-27.394523644036354,-18.276401342457639,0,-13.815510557964274,0,-319.56346764420908
502,1964.7749510762947,1.6151922811164141,6.691246230024098,0,-10.780902512300942,0,-320.84044326600798
503,1968.6888454011478,26.616787158945641,27.935971405790131,0,-7.9788144084721919,0,-322.11996520011354
504,1972.6027397260009,7.5052930219633751,5.4046770041232692,0,-9.2447480135140303,0,-323.40203344652559
505,1976.516634050854,-10.841760947419164,-15.986148632458811,0,-13.815510557964274,0,-324.68664800524465
506,1980.4305283757071,-8.8422547869882226,-16.627944979806916,0,-13.815510557964274,0,-325.97380887627014
507,1984.3444227005602,15.326022513893895,5.3162644102986079,0,-8.5308043198562213,0,-327.26351605960235
508,1988.2583170254134,25.314750117629828,13.502482629085055,0,-8.0289692869513924,0,-328.55576955524134
509,1992.1722113502665,-10.803133082192774,-24.000921965429967,0,-13.815510557964274,0,-329.85056936318699
510,1996.0861056751196,2.7461204351460076,-11.431897636543937,0,-10.250167356626745,0,-331.14791548343925
511,1999.9999999999727,6.6153390333959141,-8.1545483148957505,0,-9.3709654729357315,0,-332.44780791599823
