Idx,Gradient,NMR_signal(mean),NMR_signal(noise),NMR_signal(std),SAT_lhs(mean),SAT_lhs(std),SAT_rhs
0,0,507873.67714777193,3.0889889451832757,0,0,0,-0
1,3.9138943248532287,507613.00257051317,5.5751922671004062,0,-0.00051339833045713928,0,-0.00077180218644382623
2,7.8277886497064575,506827.07095494628,8.4126453213082542,0,-0.0020628871436935425,0,-0.0030872087457753049
3,11.741682974559687,505481.24157578812,-25.17637952539296,0,-0.0047218205050191635,0,-0.0069462196779944392
4,15.655577299412915,503668.2078094887,-6.0508001292220737,0,-0.0083150161770477252,0,-0.01234883498310122
5,19.569471624266143,501304.69557506032,-22.438267420526596,0,-0.013018658601724579,0,-0.01929505466109566
6,23.483365949119371,498471.22063550912,-0.15833703868687307,0,-0.018686893813178822,0,-0.02778487871197775
7,27.397260273972599,495109.71408183518,-4.9720430577131145,0,-0.025453367004843283,0,-0.037818307135747478
8,31.311154598825826,491245.28207587026,-20.791919099232018,0,-0.033289190403214534,0,-0.049395339932404879
9,35.225048923679054,486958.93368337594,23.081217399027238,0,-0.042052955182204539,0,-0.062515977101949935
10,39.138943248532286,482131.77557072736,-3.8066809082106881,0,-0.052015279638037794,0,-0.077180218644382639
11,43.052837573385517,476869.85481076851,-8.1749494168740249,0,-0.062989137030889833,0,-0.093388064559702999
12,46.966731898238748,471187.787433638,10.670035468491676,0,-0.074976035632370666,0,-0.11113951484791103
13,50.88062622309198,465034.53684960137,-13.33270450761484,0,-0.088121073999653604,0,-0.13043456950900667
14,54.794520547945211,458496.66255017917,-9.6919721359690776,0,-0.10227973701550552,0,-0.15127322854299005
15,58.708414872798443,451586.65280982375,17.030163939933974,0,-0.11746547312199603,0,-0.17365549194986099
16,62.622309197651674,444257.0227763385,1.3818012643600728,0,-0.13382947455111818,0,-0.19758135972961968
17,66.536203522504906,436583.12119752233,-0.10355534172633679,0,-0.15125396590359244,0,-0.22305083188226596
18,70.450097847358137,428565.10568416701,-6.8603691236028572,0,-0.16979008454127351,0,-0.25006390840779991
19,74.363992172211368,420242.13729530043,-0.022614974683086722,0,-0.18940168709888078,0,-0.27862058930622152
20,78.2778864970646,411611.53697141056,-3.1913134027239325,0,-0.21015271648572226,0,-0.30872087457753078
21,82.191780821917831,402707.17295510275,-3.9692716447711613,0,-0.23202306976928422,0,-0.34036476422172762
22,86.105675146771063,393566.32529667061,12.982702962297296,0,-0.25498314375446168,0,-0.37355225823881227
23,90.019569471624294,384160.05211434583,-3.6075798941161223,0,-0.2791734814929121,0,-0.40828335662878434
24,93.933463796477525,374565.54511683062,0.81289224886469835,0,-0.30446594164209595,0,-0.44455805939164439
25,97.847358121330757,364756.11208995461,-23.313779105481554,0,-0.33100380543198554,0,-0.48237636652739208
26,101.76125244618399,354838.83785314951,8.0859206022740562,0,-0.35856904110595572,0,-0.52173827803602724
27,105.67514677103722,344746.40656915598,4.6201991123908295,0,-0.38742365629936465,0,-0.56264379391754993
28,109.58904109589045,334534.3972201196,-1.1923529682432534,0,-0.41749304359306633,0,-0.60509291417196032
29,113.50293542074368,324220.31834023609,-14.808925265589039,0,-0.44880947004592447,0,-0.64908563879925851
30,117.41682974559691,313869.85329961067,6.6604476197025617,0,-0.48125432957360809,0,-0.6946219677994443
31,121.33072407045015,303441.42088843143,-0.91066390584081591,0,-0.5150441696531366,0,-0.74170190117251789
32,125.24461839530338,292990.58763558185,-4.1790059428202833,0,-0.5500922652333291,0,-0.79032543891847917
33,129.15851272015661,282530.96552356624,-11.362578550236924,0,-0.58644459257147563,0,-0.84049258103732771
34,133.07240704500984,272108.00708984252,1.6231101240424404,0,-0.62403367725598036,0,-0.89220332752906428
35,136.98630136986307,261721.33254959891,13.557834146061662,0,-0.66295242812670963,0,-0.94545767839368822
36,140.9001956947163,251363.84707718706,-2.903634035604417,0,-0.70333127018429398,0,-1.0002556336312001
37,144.81409001956953,241112.68416120482,9.7707970150838346,0,-0.74496835627586488,0,-1.0565971932415994
38,148.72798434442277,230913.71709739789,-21.442689121949048,0,-0.78818862793647337,0,-1.1144823572248865
39,152.641878669276,220862.60112958081,-19.030275574311666,0,-0.83269195579630406,0,-1.1739111255810608
40,156.55577299412923,210950.08896888653,-9.5776453898887421,0,-0.8786111893000732,0,-1.2348834983101233
41,160.46966731898246,201185.53740213418,-0.2202282641074913,0,-0.92600519568092743,0,-1.2973994754120735
42,164.38356164383569,191558.52103812274,-16.990638656350292,0,-0.97503939479869006,0,-1.3614590568869114
43,168.29745596868892,182134.14374815027,-9.4728520537063012,0,-1.0254892804762856,0,-1.4270622427346364
44,172.21135029354215,172901.09553977754,-2.7154595607530743,0,-1.0775130206921437,0,-1.4942090329552491
45,176.12524461839539,163858.78107176197,-10.077848122714867,0,-1.1312277837772489,0,-1.5628994275487502
46,180.03913894324862,155070.90885066785,20.379702806305659,0,-1.1863502608590464,0,-1.6331334265151387
47,183.95303326810185,146455.80986560957,-3.7692429622230579,0,-1.2435090058114755,0,-1.7049110298544146
48,187.86692759295508,138105.53410851068,-0.2092469015875259,0,-1.3022146168143907,0,-1.778232237566578
49,191.78082191780831,130004.80810844294,7.0814987653093278,0,-1.3626613144025654,0,-1.853097049651629
50,195.69471624266154,122137.3446043833,-5.8566857139122597,0,-1.4250865626547298,0,-1.9295054661095683
51,199.60861056751477,114570.42808080031,21.618631682245763,0,-1.4890430233125338,0,-2.0074574869403943
52,203.522504892368,107217.81388555832,-2.3551264607642635,0,-1.5553703404869015,0,-2.0869531121441089
53,207.43639921722124,100176.33957093996,14.455376001329949,0,-1.6233007208831034,0,-2.1679923417207103
54,211.35029354207447,93374.945468115242,-2.6144907884787165,0,-1.6936096901804285,0,-2.2505751756702006
55,215.2641878669277,86872.9826439194,3.1623048474568161,0,-1.7657856673733845,0,-2.334701613992578
56,219.17808219178093,80638.679695882121,-1.6507758311878316,0,-1.8402543182536637,0,-2.4203716566878426
57,223.09197651663416,74682.290758548479,-7.5313675112738956,0,-1.9169897570962591,0,-2.5075853037559948
58,227.00587084148739,69015.978665652045,-2.1438684345926178,0,-1.9958946969713025,0,-2.5963425551970349
59,230.91976516634062,63623.910162135093,-0.27613650328530043,0,-2.0772434039821377,0,-2.6866434110109627
60,234.83365949119386,58517.512590582475,11.382441467971677,0,-2.1609066796625966,0,-2.7784878711977781
61,238.74755381604709,53657.849449756643,-3.4208544729018389,0,-2.2476049827727391,0,-2.8718759357574806
62,242.66144814090032,49086.656686687333,0.49449349951755867,0,-2.3366455096647694,0,-2.9668076046900715
63,246.57534246575355,44786.199824042109,9.5575440514940659,0,-2.4283326972986976,0,-3.0632828779955497
64,250.48923679060678,40722.086447547103,-5.7852829811078195,0,-2.5234621398054826,0,-3.161301755673918
65,254.40313111546001,36928.889821049881,-5.4918375580404755,0,-2.6212385829211495,0,-3.2608642377251709
66,258.31702544031322,33381.964647645029,-8.1550374715186269,0,-2.7222169760925725,0,-3.3619703241493109
67,262.23091976516645,30088.136605992946,-0.36093811510028506,0,-2.8261017882509019,0,-3.4646200149463393
68,266.14481409001968,27021.063506683589,-1.3759640125797983,0,-2.9336160578854074,0,-3.5688133101162571
69,270.05870841487291,24184.123191094965,-0.30791710864794397,0,-3.0445363982505933,0,-3.6745502096590612
70,273.97260273972614,21590.193799239176,23.625123224648949,0,-3.1579935287946221,0,-3.7818307135747529
71,277.88649706457937,19158.736815780223,-1.8713291708362463,0,-3.2774739074495951,0,-3.8906548218633334
72,281.8003913894326,16966.163115580821,8.148941896988692,0,-3.3990117940217464,0,-4.0010225345248003
73,285.71428571428584,14962.216716968014,12.208149344671405,0,-3.5247046117865364,0,-4.1129338515591547
74,289.62818003913907,13119.438070351975,-8.179960503131964,0,-3.6561377970287126,0,-4.2263887729663976
75,293.5420743639923,11468.287353230156,-13.433638659006808,0,-3.7906471449554382,0,-4.3413872987465281
76,297.45596868884553,9995.8404090563381,-7.2528861584795443,0,-3.9280637022590663,0,-4.4579294288995461
77,301.36986301369876,8677.1917218371836,-5.2608409552874358,0,-4.0695348076505899,0,-4.5760151634254509
78,305.28375733855199,7508.1229302949714,-2.3781122868312092,0,-4.2142472577923362,0,-4.6956445023242432
79,309.19765166340522,6473.5798169082136,-4.3869579943303316,0,-4.3625034993912566,0,-4.8168174455959258
80,313.11154598825846,5559.6449477410579,-15.997974010860929,0,-4.5146985017202557,0,-4.9395339932404934
81,317.02544031311169,4765.5179290294882,-28.907190027726692,0,-4.6688265239796083,0,-5.0637941452579511
82,320.93933463796492,4136.2919181128618,10.945190989831975,0,-4.8104330350937525,0,-5.1895979016482938
83,324.85322896281815,3566.4884176552628,6.8765475219296519,0,-4.9586512744312108,0,-5.316945262411525
84,328.76712328767138,3069.3716666241298,-19.254504764156707,0,-5.1087598778242613,0,-5.4458362275476455
85,332.68101761252461,2713.4009335082037,9.37582661801558,0,-5.2320299445184126,0,-5.5762707970566527
86,336.59491193737784,2388.8627550159617,-8.8371608248043128,0,-5.3594153316469662,0,-5.7082489709385458
87,340.50880626223108,2154.3092781075807,-7.5117443683363767,0,-5.4627625980454892,0,-5.8417707491933282
88,344.42270058708431,1988.4917355563825,-0.36720378876473103,0,-5.5428563200862886,0,-5.9768361318209964
89,348.33659491193754,1877.3426948565825,5.7400573060850864,0,-5.6003754328417212,0,-6.1134451188215557
90,352.25048923679077,1802.8239565028557,-0.35142800029094651,0,-5.640878449380442,0,-6.2515977101950009
91,356.164383561644,1782.6559855874011,5.6079212361693278,0,-5.6521283707002308,0,-6.3912939059413336
92,360.07827788649723,1809.7683080813633,22.718297782011621,0,-5.6370339191244536,0,-6.5325337060605548
93,363.99217221135046,1834.274860704114,6.8974691997004056,0,-5.623583517496388,0,-6.6753171105526619
94,367.9060665362037,1893.7658774483659,1.1666674232911327,0,-5.5916653752522185,0,-6.8196441194176582
95,371.81996086105693,1979.482557624234,1.8215822643047552,0,-5.5473972736043553,0,-6.9655147326555413
96,375.73385518591016,2085.7566179532841,7.8704825765130169,0,-5.4951010738917816,0,-7.112928950266312
97,379.64774951076339,2179.4967661210426,-9.4785867402469979,0,-5.4511387406995837,0,-7.2618867722499703
98,383.56164383561662,2291.7649692462874,-15.23875720918773,0,-5.4009104999881243,0,-7.4123881986065161
99,387.47553816046985,2420.8379871938178,-7.5780761840837343,0,-5.3461189936948381,0,-7.5644332293359513
100,391.38943248532308,2543.6724070606465,-6.3479119292101949,0,-5.2966238832470554,0,-7.7180218644382732
101,395.30332681017632,2655.3621395770674,-13.617185394643514,0,-5.2536517051439642,0,-7.8731541039134836
102,399.21722113502955,2797.6843768322137,14.883443245020844,0,-5.2014406828768172,0,-8.0298299477615771
103,403.13111545988278,2880.5802204775246,-8.7464897538859461,0,-5.1722410103237619,0,-8.1880493959825635
104,407.04500978473601,2983.3214288846402,-3.3978812952801647,0,-5.1371954963310689,0,-8.3478124485764358
105,410.95890410958924,3076.3520057669298,2.9033275799065574,0,-5.1064882683225763,0,-8.5091191055431974
106,414.87279843444247,3153.7027251537229,5.4255138210862714,0,-5.0816555188054036,0,-8.6719693668828413
107,418.7866927592957,3223.5588064994854,13.314780192038601,0,-5.0597467809630015,0,-8.836363232595378
108,422.70058708414894,3258.1282737974489,-0.5201983825962716,0,-5.0490798682737692,0,-9.0023007026808024
109,426.61448140900217,3294.0222864016346,0.98925776544484356,0,-5.0381233521347868,0,-9.1697817771391126
110,430.5283757338554,3314.794495908644,1.628768152945983,0,-5.0318371200919545,0,-9.3388064559703121
111,434.44227005870863,3312.3117099766646,-6.7105246597357127,0,-5.0325864021982021,0,-9.5093747391743957
112,438.35616438356186,3304.7652111151551,-6.002507516437646,0,-5.0348673193533973,0,-9.6814866267513704
113,442.27005870841509,3286.8072210612299,-1.931421625782983,0,-5.0403161055629555,0,-9.8551421187012291
114,446.18395303326832,3253.4530836978852,0.028490400046431649,0,-5.0505158300305952,0,-10.030341215023979
115,450.09784735812156,3190.5423306063622,-14.907937405075639,0,-5.0700418376825329,0,-10.207083915719615
116,454.01174168297479,3145.8703019403406,0.31257070453172603,0,-5.0841421721756062,0,-10.38537022078814
117,457.92563600782802,3066.52748625085,-8.0615561877669837,0,-5.1096869401850071,0,-10.565200130229554
118,461.83953033268125,2987.2241228177008,-6.2452308811782764,0,-5.1358881804567993,0,-10.746573644043851
119,465.75342465753448,2902.710712570155,-0.47985349732173876,0,-5.1645877207454882,0,-10.929490762231039
120,469.66731898238771,2799.2688788990472,-5.5267474687175531,0,-5.2008744812178911,0,-11.113951484791112
121,473.58121330724094,2698.5762385420944,-0.7872994474258187,0,-5.237508434753555,0,-11.299955811724077
122,477.49510763209418,2597.1159388017086,9.1207878401103777,0,-5.2758311745812598,0,-11.487503743029922
123,481.40900195694741,2464.7033857516712,-7.0964024454433492,0,-5.3281612796932505,0,-11.676595278708662
124,485.32289628180064,2372.4576780712014,20.574921720424591,0,-5.3663063368178285,0,-11.867230418760286
125,489.23679060665387,2246.4817361521259,17.147954877520021,0,-5.4208674300409863,0,-12.059409163184799
126,493.1506849315071,2107.9746870203817,2.7582873565607273,0,-5.4845051270715928,0,-12.253131511982199
127,497.06457925636033,1972.4866628073014,-8.0716674006974323,0,-5.5509377374766391,0,-12.448397465152487
128,500.97847358121356,1850.0374187643984,-6.305420692781901,0,-5.6150268843789464,0,-12.645207022695672
129,504.8923679060668,1743.6796014599977,10.17849172908093,0,-5.6742351557737756,0,-12.84356018461173
130,508.80626223092003,1609.1280257826349,-3.7775830066222023,0,-5.754540316237823,0,-13.043456950900683
131,512.7201565557732,1505.7784020650015,10.413948372893014,0,-5.8209227744558447,0,-13.244897321562521
132,516.63405088062643,1380.2181353360543,-1.398619003647585,0,-5.9079911938621548,0,-13.447881296597243
133,520.54794520547966,1259.3622182246841,-12.966697424376045,0,-5.9996273328228567,0,-13.652408876004857
134,524.4618395303329,1170.3583327087008,2.2664614966175871,0,-6.072922780431953,0,-13.858480059785357
135,528.37573385518613,1075.1592262046217,5.7400105749249022,0,-6.1577639816127885,0,-14.06609484793875
136,532.28962818003936,978.59749115717989,1.8512936092173324,0,-6.2518676134602957,0,-14.275253240465029
137,536.20352250489259,894.07291688849841,3.6433861327480734,0,-6.3422006942433296,0,-14.485955237364195
138,540.11741682974582,814.81436265824721,4.0663861017909868,0,-6.4350277171893548,0,-14.698200838636245
139,544.03131115459905,735.22396714768036,-2.6796798608324943,0,-6.5378128586021953,0,-14.911990044281186
140,547.94520547945228,677.96077870600334,5.9368031570701287,0,-6.6188985908550144,0,-15.127322854299011
141,551.85909980430552,613.16179281567054,-0.0025061579341034285,0,-6.7193591914169231,0,-15.344199268689728
142,555.77299412915875,579.50834695248443,18.197354206893344,0,-6.7758079622154455,0,-15.562619287453334
143,559.68688845401198,518.71313068429913,2.3280305508513068,0,-6.8866370329664894,0,-15.78258291058982
144,563.60078277886521,481.59442687435705,3.3480321382840494,0,-6.9608857067829879,0,-16.004090138099201
145,567.51467710371844,452.84891917749161,6.1511036617118826,0,-7.0224294704997456,0,-16.227140969981463
146,571.42857142857167,415.92000989004663,-5.5702036307875415,0,-7.1074950707517175,0,-16.451735406236619
147,575.3424657534249,410.87796634720797,8.5506163341265342,0,-7.1196917770620409,0,-16.677873446864663
148,579.25636007827814,396.58176333097725,7.7106766285141761,0,-7.155105796101445,0,-16.90555509186559
149,583.17025440313137,370.14222503952504,-10.604485164097293,0,-7.2241007048285919,0,-17.134780341239406
150,587.0841487279846,383.67226723966883,6.1239325981791914,0,-7.1881993111617062,0,-17.365549194986112
151,590.99804305283783,385.92988308705748,7.085554572817375,0,-7.1823323256749658,0,-17.597861653105699
152,594.91193737769106,370.96190340174047,-13.220811038437736,0,-7.2218886575197381,0,-17.831717715598185
153,598.82583170254429,402.04292323510606,8.9464299972683765,0,-7.1414291714701594,0,-18.06711738246355
154,602.73972602739752,418.93881858447406,13.82997170404586,0,-7.1002631370435383,0,-18.304060653701804
155,606.65362035225075,427.25914887599595,7.5209706838192147,0,-7.0805972934374841,0,-18.542547529312948
156,610.56751467710399,429.79744257591079,-6.7055061024960949,0,-7.0746739946806416,0,-18.782578009296973
157,614.48140900195722,457.4582958407903,2.5320162734456151,0,-7.0123023046774957,0,-19.024152093653896
158,618.39530332681045,469.49011200525229,-5.050172948394815,0,-6.9863407908710515,0,-19.267269782383703
159,622.30919765166368,486.72257048903282,-8.1675393459099617,0,-6.950293738300906,0,-19.511931075486398
160,626.22309197651691,513.62584027358241,-1.9118095145181646,0,-6.896492965436603,0,-19.758135972961973
161,630.13698630137014,538.38961490987197,2.3246819025490981,0,-6.8494055392618005,0,-20.005884474810447
162,634.05088062622337,560.86785903812768,4.7907096511035121,0,-6.8085026962149575,0,-20.255176581031805
163,637.96477495107661,571.44999778356851,-3.7553174640350964,0,-6.7898110421409035,0,-20.506012291626043
164,641.87866927592984,597.93673316160459,4.8281670210203842,0,-6.7445030776408288,0,-20.758391606593175
165,645.79256360078307,614.82103558073175,5.3449616787255394,0,-6.7166568022035449,0,-21.012314525933192
166,649.7064579256363,637.66311664564796,13.634528922562271,0,-6.6801779150541982,0,-21.2677810496461
167,653.62035225048953,627.0440805899002,-9.4755218595605477,0,-6.6969711864730561,0,-21.524791177731899
168,657.53424657534276,653.40815332536931,6.6719927426475065,0,-6.6557860512104341,0,-21.783344910190582
169,661.44814090019599,646.47313409147046,-8.0261634276228939,0,-6.666456387187127,0,-22.043442247022149
170,665.36203522504923,654.41038557746526,-5.2537568261142873,0,-6.654253373062085,0,-22.305083188226611
171,669.27592954990246,665.97668386038549,3.8569942738667891,0,-6.6367333678969898,0,-22.56826773380395
172,673.18982387475569,679.78013172593683,17.991873694415492,0,-6.6162186184171574,0,-22.832995883754183
173,677.10371819960892,669.45275313254785,10.828095004276301,0,-6.6315274363419556,0,-23.099267638077304
174,681.01761252446215,642.71232775831845,-9.9027594448122045,0,-6.6722907952109392,0,-23.367082996773313
175,684.93150684931538,654.63310473720935,10.857328148098212,0,-6.6539130953500898,0,-23.636441959842205
176,688.84540117416861,634.85061676077987,2.6992023484252181,0,-6.684598306584264,0,-23.907344527283986
177,692.75929549902185,616.29579192097185,-1.517577352889854,0,-6.7142609986328274,0,-24.17979069909866
178,696.67318982387508,590.11042579186073,-10.747314963548737,0,-6.7576783468597394,0,-24.453780475286223
179,700.58708414872831,583.29448477565336,1.8912216147978722,0,-6.7692958501016163,0,-24.729313855846673
180,704.50097847358154,571.5886888686905,11.999599743215628,0,-6.7895683712892128,0,-25.006390840780004
181,708.41487279843477,539.17566642545228,3.6031867305684284,0,-6.847946599059064,0,-25.285011430086225
182,712.328767123288,515.37631448651098,5.8498872857135069,0,-6.8930906870382893,0,-25.565175623765334
183,716.24266144814123,499.72517606370229,18.087939306348403,0,-6.923929729168071,0,-25.846883421817328
184,720.15655577299447,435.56334104341033,-16.538750436951563,0,-7.0613477984728013,0,-26.130134824242219
185,724.0704500978477,422.65893608577926,1.5323104766752551,0,-7.0914224724619768,0,-26.414929831039984
186,727.98434442270093,377.22731766137304,-11.695210940845302,0,-7.2051400582489906,0,-26.701268442210647
187,731.89823874755416,357.01366844914867,1.3084664472799481,0,-7.2602139605867846,0,-26.989150657754195
188,735.81213307240739,302.05754305190487,-19.633946382119404,0,-7.4273704894744839,0,-27.278576477670633
189,739.72602739726062,291.66338500264021,4.5658864489149611,0,-7.4623876823992132,0,-27.569545901959955
190,743.63992172211385,249.50953063793372,-2.627001435703844,0,-7.618490915194255,0,-27.862058930622165
191,747.55381604696709,232.03265264566116,15.015509394836652,0,-7.6911099226807886,0,-28.156115563657259
192,751.46771037182032,188.97943619601273,7.038106825711572,0,-7.8963498226614552,0,-28.451715801065248
193,755.38160469667355,136.80983297067831,-10.29304190327114,0,-8.2193961475599515,0,-28.748859642846124
194,759.29549902152678,107.22253472267539,-5.463319137343289,0,-8.4630815900953831,0,-29.047547088999881
195,763.20939334638001,90.12547853696573,11.262178797813254,0,-8.6367851233120749,0,-29.347778139526525
196,767.12328767123324,42.12918508013351,-3.6668628178421683,0,-9.3972472957848812,0,-29.649552794426064
197,771.03718199608647,7.7547366189358726,-5.8770186878535036,0,-11.089684195296135,0,-29.952871053698487
198,774.95107632093971,-25.741366573855093,-8.2454657057571552,0,-13.815510557964274,0,-30.257732917343805
199,778.86497064579294,-58.617942236952324,-11.150096828121846,0,-13.815510557964274,0,-30.564138385362
200,782.77886497064617,-89.401802383594458,-13.221752921574026,0,-13.815510557964274,0,-30.872087457753093
201,786.6927592954994,-102.56888475908229,0.9749156521798743,0,-13.815510557964274,0,-31.181580134517066
202,790.60665362035263,-122.84512756013658,6.640674406532435,0,-13.815510557964274,0,-31.492616415653934
203,794.52054794520586,-143.92400572695922,10.024104973535495,0,-13.815510557964274,0,-31.805196301163686
204,798.43444227005909,-179.58104594895636,-2.6931293378255656,0,-13.815510557964274,0,-32.119319791046308
205,802.34833659491233,-208.95568668350529,-10.678510158016607,0,-13.815510557964274,0,-32.434986885301839
206,806.26223091976556,-203.91602305061923,14.186087196387735,0,-13.815510557964274,0,-32.752197583930254
207,810.17612524461879,-243.78469514655632,-7.4221248305621756,0,-13.815510557964274,0,-33.07095188693156
208,814.09001956947202,-239.5908336750378,13.480463392839363,0,-13.815510557964274,0,-33.391249794305743
209,818.00391389432525,-276.54150818100294,-8.2884368305722251,0,-13.815510557964274,0,-33.713091306052817
210,821.91780821917848,-279.62369169495133,2.3200860959735898,0,-13.815510557964274,0,-34.03647642217279
211,825.83170254403171,-278.81681494998219,15.372576941084162,0,-13.815510557964274,0,-34.361405142665639
212,829.74559686888495,-315.34097437339148,-10.296069903460669,0,-13.815510557964274,0,-34.687877467531365
213,833.65949119373818,-308.35399137372798,6.2192057050006611,0,-13.815510557964274,0,-35.015893396769989
214,837.57338551859141,-341.19497681057084,-18.351094832610219,0,-13.815510557964274,0,-35.345452930381512
215,841.48727984344464,-338.504442848064,-8.5723227439136362,0,-13.815510557964274,0,-35.676556068365919
216,845.40117416829787,-335.38590468369171,0.53152548119885001,0,-13.815510557964274,0,-36.00920281072321
217,849.3150684931511,-318.55210175890045,22.330399836539904,0,-13.815510557964274,0,-36.343393157453384
218,853.22896281800433,-354.06599598674671,-9.1539723913937596,0,-13.815510557964274,0,-36.67912710855645
219,857.14285714285757,-351.80961284134457,-3.718070993265429,0,-13.815510557964274,0,-37.016404664032407
220,861.0567514677108,-360.89516972638569,-10.388815905968764,0,-13.815510557964274,0,-37.355225823881248
221,864.97064579256403,-360.90073282992665,-8.6602800787055454,0,-13.815510557964274,0,-37.695590588102966
222,868.88454011741726,-340.06748465611787,13.308044924495912,0,-13.815510557964274,0,-38.037498956697583
223,872.79843444227049,-350.51388521654252,3.4761559370909145,0,-13.815510557964274,0,-38.38095092966509
224,876.71232876712372,-360.09164771041179,-5.9332956453106345,0,-13.815510557964274,0,-38.725946507005482
225,880.62622309197695,-359.11342846100143,-5.1634719529763622,0,-13.815510557964274,0,-39.072485688718764
226,884.54011741683018,-353.26891873267869,0.15986672371209854,0,-13.815510557964274,0,-39.420568474804917
227,888.45401174168342,-343.22624185451843,9.4263616111552775,0,-13.815510557964274,0,-39.770194865263974
228,892.36790606653665,-347.4753939533511,4.197104368440181,0,-13.815510557964274,0,-40.121364860095916
229,896.28180039138988,-367.09925507310732,-16.566789351768524,0,-13.815510557964274,0,-40.474078459300742
230,900.19569471624311,-339.33867536190007,9.9304147716820488,0,-13.815510557964274,0,-40.828335662878459
231,904.10958904109634,-370.63340544446282,-22.722083457892523,0,-13.815510557964274,0,-41.184136470829067
232,908.02348336594957,-328.65320714574051,17.827143199349671,0,-13.815510557964274,0,-41.541480883152559
233,911.9373776908028,-344.72126101561469,0.26830830012611151,0,-13.815510557964274,0,-41.900368899848942
234,915.85127201565604,-356.66725202127105,-13.22261649041579,0,-13.815510557964274,0,-42.260800520918217
235,919.76516634050927,-348.78982458064286,-6.9462113443633866,0,-13.815510557964274,0,-42.622775746360354
236,923.6790606653625,-337.87307727279438,2.3041254708352428,0,-13.815510557964274,0,-42.986294576175403
237,927.59295499021573,-356.62935308586691,-18.20030577511978,0,-13.815510557964274,0,-43.35135701036333
238,931.50684931506896,-334.08918416790726,2.4869287223875349,0,-13.815510557964274,0,-43.717963048924155
239,935.42074363992219,-353.15199968141803,-18.562865044082898,0,-13.815510557964274,0,-44.086112691857842
240,939.33463796477542,-333.70714352766527,-1.2740199299906272,0,-13.815510557964274,0,-44.455805939164449
241,943.24853228962866,-341.69682115961075,-11.628894550380737,0,-13.815510557964274,0,-44.827042790843933
242,947.16242661448189,-330.69634260665543,-3.2475104651812514,0,-13.815510557964274,0,-45.199823246896308
243,951.07632093933512,-322.71416613001679,1.8130484425751472,0,-13.815510557964274,0,-45.574147307321553
244,954.99021526418835,-300.11777814676736,21.133431112947839,0,-13.815510557964274,0,-45.950014972119689
245,958.90410958904158,-313.97471153587213,3.5916991577991846,0,-13.815510557964274,0,-46.327426241290738
246,962.81800391389481,-307.02002043482236,6.3965656086597713,0,-13.815510557964274,0,-46.706381114834649
247,966.73189823874804,-308.80703675659845,-0.062640271501493414,0,-13.815510557964274,0,-47.086879592751473
248,970.64579256360128,-297.03967945134997,6.4524394177443734,0,-13.815510557964274,0,-47.468921675041145
249,974.55968688845451,-285.24952826121228,12.352832250538858,0,-13.815510557964274,0,-47.852507361703736
250,978.47358121330774,-317.10581437514475,-26.087054191223054,0,-13.815510557964274,0,-48.237636652739198
251,982.38747553816097,-296.23269919447114,-12.546030470253161,0,-13.815510557964274,0,-48.624309548147579
252,986.3013698630142,-285.36773483079855,-9.8139317267151878,0,-13.815510557964274,0,-49.012526047928795
253,990.21526418786743,-264.20838811239321,2.3624801105122253,0,-13.815510557964274,0,-49.402286152082944
254,994.12915851272066,-265.80738321116166,-9.1152420090607791,0,-13.815510557964274,0,-49.793589860609949
255,998.0430528375739,-240.74908222092643,5.1269312515477665,0,-13.815510557964274,0,-50.186437173509873
256,1001.9569471624271,-234.1490146402212,-0.06352813671167741,0,-13.815510557964274,0,-50.580828090782688
257,1005.8708414872804,-215.68865755412804,5.5999600445118434,0,-13.815510557964274,0,-50.976762612428338
258,1009.7847358121336,-208.25919657420977,-0.80028380146059852,0,-13.815510557964274,0,-51.374240738446922
259,1013.6986301369868,-193.90414605576521,-1.3284817274534741,0,-13.815510557964274,0,-51.773262468838375
260,1017.6125244618401,-179.96957875442533,-3.345347404122347,0,-13.815510557964274,0,-52.173827803602734
261,1021.5264187866933,-158.35068609297653,1.2455758475215253,0,-13.815510557964274,0,-52.575936742739941
262,1025.4403131115464,-151.47818223633635,-9.9883256333306498,0,-13.815510557964274,0,-52.979589286250082
263,1029.3542074363995,-132.69295951053795,-10.383286740739965,0,-13.815510557964274,0,-53.384785434133079
264,1033.2681017612526,-87.774714017431137,14.292256994551378,0,-13.815510557964274,0,-53.791525186388952
265,1037.1819960861058,-92.136276365786131,-11.356672350687909,0,-13.815510557964274,0,-54.199808543017731
266,1041.0958904109589,-60.793813241924802,-2.3218633420527861,0,-13.815510557964274,0,-54.609635504019394
267,1045.009784735812,-12.865281792182302,22.309510148235184,0,-13.815510557964274,0,-55.021006069393927
268,1048.9236790606651,-8.4724635174771841,2.4526836479752498,0,-13.815510557964274,0,-55.433920239141358
269,1052.8375733855182,15.043159622413365,0.80920634478902287,0,-10.427064650870705,0,-55.848378013261694
270,1056.7514677103713,49.382340046430059,9.1286112824526118,0,-9.2383951572650904,0,-56.264379391754879
271,1060.6653620352245,70.197386537186915,3.1174312390325722,0,-8.8866769470821456,0,-56.681924374620991
272,1064.5792563600776,86.212980137296555,-8.4403291471264588,0,-8.6811672806333604,0,-57.10101296186
273,1068.4931506849307,124.3394492022942,1.429704259298481,0,-8.3149727095453567,0,-57.521645153471859
274,1072.4070450097838,147.78727451579476,-3.9936266699268055,0,-8.1422141231504241,0,-57.943820949456622
275,1076.3209393346369,187.33984856320257,6.1453149195099588,0,-7.9050636891779575,0,-58.367540349814277
276,1080.2348336594901,202.25692420533412,-8.8180432582666537,0,-7.8284492373802363,0,-58.792803354544795
277,1084.1487279843432,240.1882226662637,-1.1553437946615561,0,-7.6565651515265252,0,-59.219609963648224
278,1088.0626223091963,272.5831645549307,0.66395032256071862,0,-7.5300442700366421,0,-59.647960177124538
279,1091.9765166340494,308.06733767285698,5.3485347856068586,0,-7.4076696407201448,0,-60.077853994973722
280,1095.8904109589025,339.57952328746842,5.9217981327665603,0,-7.3102798725488443,0,-60.509291417195811
281,1099.8043052837556,349.61682175575663,-15.033544002859436,0,-7.2811502688317802,0,-60.942272443790792
282,1103.7181996086088,391.08434637790685,-4.5262417446145609,0,-7.1690647722480803,0,-61.376797074758656
283,1107.6320939334619,439.05145986638809,12.599247199982496,0,-7.0533714017481692,0,-61.812865310099411
284,1111.545988258315,444.84038170157794,-12.249101488473666,0,-7.0402725035907556,0,-62.250477149813051
285,1115.4598825831681,479.00917670285565,-8.4283413868402839,0,-6.9662682733349586,0,-62.689632593899553
286,1119.3737769080212,503.23631172245956,-14.176431710516507,0,-6.9169281642125826,0,-63.130331642358968
287,1123.2876712328743,550.38419275952424,3.450887549967133,0,-6.8273714619494648,0,-63.572574295191281
288,1127.2015655577275,572.96322727354197,-2.9562311095591349,0,-6.7871664897384001,0,-64.016360552396478
289,1131.1154598825806,619.07246918589908,14.77853849829971,0,-6.7097656881602727,0,-64.461690413974523
290,1135.0293542074337,637.79347734176451,5.8112179069908159,0,-6.6799735008903838,0,-64.908563879925495
291,1138.9432485322868,664.3054231020177,5.3923231761295387,0,-6.6392460103341007,0,-65.356980950249351
292,1142.8571428571399,672.87363155193373,-12.144872834595597,0,-6.6264304854598093,0,-65.806941624946091
293,1146.7710371819931,717.02242587216733,6.7882552080645411,0,-6.5628809111283681,0,-66.258445904015716
294,1150.6849315068462,725.34668637603488,-9.1529738646022647,0,-6.5513382999418477,0,-66.711493787458224
295,1154.5988258316993,763.81346553654043,6.0548801197122764,0,-6.499664424306963,0,-67.16608527527363
296,1158.5127201565524,782.84242842924698,2.8836626181093754,0,-6.475056593697853,0,-67.622220367461907
297,1162.4266144814055,814.74850915138529,13.696154559757181,0,-6.435108540713304,0,-68.079899064023095
298,1166.3405088062586,805.26228326524802,-15.733651846677567,0,-6.4468199865336002,0,-68.53912136495714
299,1170.2544031311118,852.44541887104424,12.694830014138283,0,-6.3898788462826017,0,-68.999887270264097
300,1174.1682974559649,850.33638530170037,-6.9455505138798515,0,-6.3923560099951278,0,-69.462196779943937
301,1178.082191780818,879.03408382789166,5.4739352411746802,0,-6.3591643559865982,0,-69.926049893996662
302,1181.9960861056711,873.47075803918915,-15.089183647640098,0,-6.3655133763646861,0,-70.391446612422286
303,1185.9099804305242,914.59640733686501,12.335869668858646,0,-6.3195051455146727,0,-70.858386935220793
304,1189.8238747553773,918.08666103164205,3.4410492653730662,0,-6.315696240445746,0,-71.326870862392155
305,1193.7377690802305,916.0777512674,-9.6254656197854214,0,-6.317886786237696,0,-71.796898393936445
306,1197.6516634050836,936.2659287858628,0.84023798861570298,0,-6.2960884805297583,0,-72.268469529853604
307,1201.5655577299367,930.71731271960175,-13.092234704932777,0,-6.3020324357610944,0,-72.741584270143647
308,1205.4794520547898,951.59744200144246,0.74208781724964268,0,-6.2798459382834411,0,-73.216242614806589
309,1209.3933463796429,948.61216204481059,-7.9554351869279127,0,-6.2829879941980025,0,-73.692444563842415
310,1213.3072407044961,972.65840297169302,11.703866458384574,0,-6.2579550841440668,0,-74.17019011725111
311,1217.2211350293492,964.2927310915627,0.26467866504262483,0,-6.2665931171335671,0,-74.649479275032732
312,1221.1350293542023,978.66437017774331,12.860884345467088,0,-6.2517992740909856,0,-75.130312037187238
313,1225.0489236790554,968.45144271993252,2.1519696536105961,0,-6.2622896835981443,0,-75.612688403714586
314,1228.9628180039085,974.89614719885617,9.3583697058609818,0,-6.2556570789747346,0,-76.09660837461486
315,1232.8767123287616,964.66551932377922,1.122400299025107,0,-6.2662065994504843,0,-76.582071949888018
316,1236.7906066536148,946.11924225554299,-14.223760644593273,0,-6.2856194186015948,0,-77.069079129534032
317,1240.7045009784679,948.87235572203372,-7.0951931530359582,0,-6.2827137430234421,0,-77.557629913552958
318,1244.618395303321,964.84675304501684,14.397431209885465,0,-6.2660187450124836,0,-78.047724301944783
319,1248.5322896281741,924.42622139202751,-19.396943298903587,0,-6.3088147847576677,0,-78.539362294709463
320,1252.4461839530272,925.00591255395864,-11.12012170906433,0,-6.3081878991636788,0,-79.032543891847084
321,1256.3600782778803,916.37128121281569,-11.025559503809445,0,-6.3175664172203607,0,-79.527269093357575
322,1260.2739726027335,899.37882101228638,-18.297469943362501,0,-6.3362837024537262,0,-80.023537899240907
323,1264.1878669275866,906.2257541277595,-0.78098211570663323,0,-6.3286995768608332,0,-80.521350309497166
324,1268.1017612524397,887.91184693762557,-7.5201772432404637,0,-6.349115562008107,0,-81.020706324126309
325,1272.0156555772928,874.50514036647496,-8.4922146764652897,0,-6.3643298561010839,0,-81.521605943128321
326,1275.9295499021459,875.14531809352798,5.3961757351853539,0,-6.3635980782165067,0,-82.024049166503247
327,1279.8434442269991,850.85028234347544,-4.884595163569049,0,-6.3917518469515526,0,-82.528035994251042
328,1283.7573385518522,849.74577993345576,8.7427819153263648,0,-6.3930508062868379,0,-83.033566426371721
329,1287.6712328767053,811.8596802425925,-13.743078925695642,0,-6.4386605109601884,0,-83.540640462865298
330,1291.5851272015584,803.45117147839824,-6.1329369365272832,0,-6.4490716150590881,0,-84.049258103731788
331,1295.4990215264115,801.7673558033523,8.7697936565042927,0,-6.4511695428664364,0,-84.559419348971133
332,1299.4129158512646,797.84715652537636,21.953072326331821,0,-6.4560709826771339,0,-85.071124198583377
333,1303.3268101761178,761.86587252595552,3.5409069675420297,0,-6.5022175087197924,0,-85.584372652568504
334,1307.2407045009709,722.21786474609962,-18.123839936008931,0,-6.5556611835050704,0,-86.099164710926502
335,1311.154598825824,727.23838777854189,5.2424999171591029,0,-6.5487336986615521,0,-86.615500373657412
336,1315.0684931506771,688.07047484541567,-15.268594244086671,0,-6.6040967615502622,0,-87.133379640761206
337,1318.9823874755302,676.90378480318554,-7.5188641284410531,0,-6.6204588857298319,0,-87.652802512237855
338,1322.8962818003833,676.84737058937367,11.549618640314119,0,-6.6205422307576383,0,-88.173768988087431
339,1326.8101761252365,657.54336155147701,11.528259256524805,0,-6.649477317600808,0,-88.696279068309892
340,1330.7240704500896,616.30051913803084,-10.324378038170675,0,-6.7142533282917487,0,-89.220332752905236
341,1334.6379647749427,612.71057679981914,5.5338988365797679,0,-6.7200953464154569,0,-89.745930041873464
342,1338.5518590997958,602.14539147208404,14.426192647501441,0,-6.7374890983836799,0,-90.273070935214591
343,1342.4657534246489,580.40896787902761,12.108675013412334,0,-6.7742550565108477,0,-90.801755432928573
344,1346.3796477495021,547.0167318435515,-1.9500040153024876,0,-6.8335086382722992,0,-91.331983535015468
345,1350.2935420743552,533.18903411226574,3.4249263479869283,0,-6.8591120066938815,0,-91.863755241475261
346,1354.2074363992083,522.49635994767709,11.759707596018822,0,-6.8793700113985183,0,-92.397070552307895
347,1358.1213307240614,488.49004639305315,-3.4370889571723624,0,-6.9466689331892972,0,-92.93192946751347
348,1362.0352250489145,476.65965723420794,3.2829555708325122,0,-6.9711852992312391,0,-93.468331987091901
349,1365.9491193737676,461.25059209772826,6.1258598035968639,0,-7.0040465495712763,0,-94.00627811104323
350,1369.8630136986208,430.81326932365067,-6.3954324078967222,0,-7.0723132822110939,0,-94.545767839367457
351,1373.7769080234739,429.1835512203653,9.5195145755371584,0,-7.0761033428606268,0,-95.086801172064568
352,1377.690802348327,410.12814862484692,7.6041718034200914,0,-7.121518360121927,0,-95.629378109134535
353,1381.6046966731801,393.25001156351681,7.4305721986885391,0,-7.1635424572625128,0,-96.173498650577429
354,1385.5185909980332,381.05328218218233,11.474394946015217,0,-7.1950488150098568,0,-96.719162796393192
355,1389.4324853228864,362.57687987702286,8.7486765955043033,0,-7.2447514943780948,0,-97.266370546581854
356,1393.3463796477395,347.39931372052899,8.8087427910337261,0,-7.2875131502742816,0,-97.815121901143385
357,1397.2602739725926,328.03604214667558,4.149679372796637,0,-7.3448645416651042,0,-98.365416860077801
358,1401.1741682974457,314.72813350218098,4.9950952304053384,0,-7.3862788306851472,0,-98.917255423385129
359,1405.0880626222988,289.82441755406779,-6.3206342333654062,0,-7.4687127456984221,0,-99.470637591065341
360,1409.0019569471519,282.2694332313261,-0.86433896539022059,0,-7.4951259768166727,0,-100.02556336311845
361,1412.9158512720051,294.49815926482944,23.790744028730227,0,-7.4527152759078872,0,-100.58203273954439
362,1416.8297455968582,237.79905291690258,-21.071936816973867,0,-7.6665620270446926,0,-101.14004572034327
363,1420.7436399217113,249.67558796584487,2.0493291669084552,0,-7.6178256015546939,0,-101.69960230551503
364,1424.6575342465644,247.88041485812931,10.908697892594656,0,-7.625041596888539,0,-102.26070249505968
365,1428.5714285714175,218.05092324430632,-8.8516609569840057,0,-7.7532594002315864,0,-102.82334628897719
366,1432.4853228962706,203.8673630181913,-13.543454562235535,0,-7.8205184275045747,0,-103.38753368726761
367,1436.3992172211238,208.85298516047305,0.36784385427686389,0,-7.7963574444420356,0,-103.95326468993092
368,1440.3131115459769,200.12930498903501,0.018209351890278731,0,-7.8390243460199045,0,-104.5205392969671
369,1444.22700587083,212.65307852370353,20.381973392142481,0,-7.7783259300597036,0,-105.08935750837621
370,1448.1409001956831,187.42052537233036,2.4759588973018487,0,-7.9046331377323664,0,-105.65971932415817
371,1452.0547945205362,186.8608999140944,8.7529439150253587,0,-7.9076235392723051,0,-106.23162474431301
372,1455.9686888453894,165.18915382305468,-6.5458030124327218,0,-8.0308968244985195,0,-106.80507376884076
373,1459.8825831702425,163.7161813920832,-2.0804240909317402,0,-8.0398537012698128,0,-107.3800663977414
374,1463.7964774950956,149.77214610424741,-10.489311288100778,0,-8.1288729153709678,0,-107.95660263101489
375,1467.7103718199487,144.67281533412918,-10.422955669032149,0,-8.1635132817671554,0,-108.53468246866129
376,1471.6242661448018,157.71210280863332,7.4483933129034856,0,-8.0772167918072491,0,-109.1143059106806
377,1475.5381604696549,138.39201140010164,-7.3355479504924039,0,-8.20789770818579,0,-109.69547295707277
378,1479.4520547945081,131.93062136846788,-9.5173432758340564,0,-8.2557118398867892,0,-110.27818360783782
379,1483.3659491193612,138.87812861650156,1.493952765798829,0,-8.2043912526082252,0,-110.86243786297582
380,1487.2798434442143,135.52530390985356,2.0309921446995465,0,-8.2288296609986045,0,-111.44823572248664
381,1491.1937377690674,133.76955485134062,4.033921824927087,0,-8.2418694490206157,0,-112.03557718637039
382,1495.1076320939205,127.3813281929466,1.3165026137774012,0,-8.2908028567038023,0,-112.62446225462701
383,1499.0215264187736,111.87670106446851,-10.561591235787787,0,-8.4205906470809495,0,-113.21489092725648
384,1502.9354207436268,130.94553800123688,12.133087096394393,0,-8.2632065322973425,0,-113.80686320425887
385,1506.8493150684799,108.66417666342025,-6.4798594936392373,0,-8.4497258503101413,0,-114.40037908563417
386,1510.763209393333,115.23080007196258,3.8403957386004501,0,-8.391050954343104,0,-114.99543857138231
387,1514.6771037181861,100.39751466614302,-7.1123231605288808,0,-8.5288505759759499,0,-115.59204166150339
388,1518.5909980430392,88.417873774359919,-15.043973963086518,0,-8.6559138873827077,0,-116.19018835599735
389,1522.5048923678924,97.586738355246183,-1.6207339165644452,0,-8.557246421926763,0,-116.78987865486417
390,1526.4187866927455,100.11771336977287,5.4081446068827308,0,-8.5316414011987352,0,-117.39111255810386
391,1530.3326810175986,86.898099879374286,-3.0349972613588108,0,-8.673251862173446,0,-117.9938900657165
392,1534.2465753424517,68.602449709261734,-16.242942999667772,0,-8.9096597844641039,0,-118.59821117770197
393,1538.1604696673048,76.079473835838385,-3.3369522980505528,0,-8.8062095263254054,0,-119.20407589406037
394,1542.0743639921579,77.612242974687106,3.9931943534013605,0,-8.7862628435687924,0,-119.81148421479166
395,1545.9882583170111,75.674787250375317,8.2455669128351303,0,-8.8115429850614984,0,-120.42043613989577
396,1549.9021526418642,60.945553797819059,0.11933356054132858,0,-9.0280071236935573,0,-121.03093166937286
397,1553.8160469667173,51.191607735568375,-2.6012278401425193,0,-9.2024124214100631,0,-121.64297080322275
398,1557.7299412915704,39.624238051693069,-6.6912914663993313,0,-9.45854702557269,0,-122.25655354144558
399,1561.6438356164235,26.377732169827091,-12.006853236753818,0,-9.8654678527973498,0,-122.87167988404126
400,1565.5577299412766,37.393147548179229,7.3989211430415054,0,-9.5165005616092859,0,-123.4883498310099
401,1569.4716242661298,6.0773647051689874,-15.065344710685347,0,-11.33341686323848,0,-124.10656338235137
402,1573.3855185909829,18.216751922401617,6.384359580171866,0,-10.235646422567175,0,-124.72632053806574
403,1577.299412915836,-10.324537833429034,-12.394311800192352,0,-13.815510557964274,0,-125.34762129815304
404,1581.2133072406891,4.6574127436904078,12.791906836085884,0,-11.599527939868485,0,-125.97046566261312
405,1585.1272015655422,-10.949341357234569,7.8162823193772404,0,-13.815510557964274,0,-126.59485363144618
406,1589.0410958903954,-14.933825507224968,14.870909250698572,0,-13.815510557964274,0,-127.22078520465209
407,1592.9549902152485,-43.508832700281843,-2.2799042991845857,0,-13.815510557964274,0,-127.8482603822309
408,1596.8688845401016,-37.634841477847615,15.376546244400014,0,-13.815510557964274,0,-128.47727916418256
409,1600.7827788649547,-68.089401024348405,-2.9678946816606415,0,-13.815510557964274,0,-129.10784155050717
410,1604.6966731898078,-73.744393922753517,3.7806497088966355,0,-13.815510557964274,0,-129.73994754120463
411,1608.6105675146609,-66.609827192539385,23.574478641068328,0,-13.815510557964274,0,-130.37359713627501
412,1612.5244618395141,-96.634271218767196,6.4240807642666802,0,-13.815510557964274,0,-131.00879033571829
413,1616.4383561643672,-138.36011454989637,-22.256891224301253,0,-13.815510557964274,0,-131.64552713953435
414,1620.3522504892203,-136.21831978944022,-6.9461249981763542,0,-13.815510557964274,0,-132.28380754772343
415,1624.2661448140734,-131.25151418047793,11.264532720878735,0,-13.815510557964274,0,-132.92363156028529
416,1628.1800391389265,-149.43912424020559,6.3442321018078989,0,-13.815510557964274,0,-133.5649991772201
417,1632.0939334637796,-170.57275683420028,-1.5519535345266715,0,-13.815510557964274,0,-134.20791039852776
418,1636.0078277886328,-165.27087345831336,16.902620074160026,0,-13.815510557964274,0,-134.85236522420837
419,1639.9217221134859,-195.78330791229359,-0.59801486645324398,0,-13.815510557964274,0,-135.49836365426179
420,1643.835616438339,-220.67434730047185,-12.67517414976278,0,-13.815510557964274,0,-136.14590568868817
421,1647.7495107631921,-224.05090228582014,-3.4933386753029354,0,-13.815510557964274,0,-136.79499132748737
422,1651.6634050880452,-228.6457936574156,4.1569178707945227,0,-13.815510557964274,0,-137.44562057065951
423,1655.5772994128984,-248.93329218835126,-4.2562486002670488,0,-13.815510557964274,0,-138.09779341820453
424,1659.4911937377515,-248.69863650607508,7.4248927408014165,0,-13.815510557964274,0,-138.75150987012242
425,1663.4050880626046,-277.41193778421064,-10.325895314077371,0,-13.815510557964274,0,-139.40676992641318
426,1667.3189823874577,-284.7749231637298,-7.2652035391316163,0,-13.815510557964274,0,-140.06357358707683
427,1671.2328767123108,-274.32803095980842,13.01328021293391,0,-13.815510557964274,0,-140.72192085211344
428,1675.1467710371639,-311.77097194323341,-15.241447075201712,0,-13.815510557964274,0,-141.38181172152287
429,1679.0606653620171,-318.32899857317182,-13.303640355880688,0,-13.815510557964274,0,-142.04324619530519
430,1682.9745596868702,-326.4953178309791,-13.712899770825652,0,-13.815510557964274,0,-142.70622427346038
431,1686.8884540117233,-304.98558523388408,14.771639981809008,0,-13.815510557964274,0,-143.37074595598855
432,1690.8023483365764,-339.28332267546796,-13.373820416483381,0,-13.815510557964274,0,-144.03681124288954
433,1694.7162426614295,-332.27743485534302,-1.0749922390480595,0,-13.815510557964274,0,-144.70442013416343
434,1698.6301369862827,-331.78625007455975,3.816709231694718,0,-13.815510557964274,0,-145.37357262981018
435,1702.5440313111358,-350.2361250141596,-11.154213212357861,0,-13.815510557964274,0,-146.04426872982981
436,1706.4579256359889,-339.42608610359355,2.1882235430624122,0,-13.815510557964274,0,-146.71650843422242
437,1710.371819960842,-352.28289169104727,-9.1034000665687547,0,-13.815510557964274,0,-147.39029174298781
438,1714.2857142856951,-349.56128494003383,-5.8000054875911164,0,-13.815510557964274,0,-148.06561865612613
439,1718.1996086105482,-336.51991110499154,6.8281940416752835,0,-13.815510557964274,0,-148.74248917363732
440,1722.1135029354014,-331.17634689300388,10.756764496089685,0,-13.815510557964274,0,-149.42090329552147
441,1726.0273972602545,-331.58382198382679,7.9304024239837219,0,-13.815510557964274,0,-150.10086102177837
442,1729.9412915851076,-329.50615918994032,6.5880398764676018,0,-13.815510557964274,0,-150.78236235240828
443,1733.8551859099607,-324.46860798783945,7.2120280538715784,0,-13.815510557964274,0,-151.46540728741107
444,1737.7690802348138,-314.50584278966096,11.780128359794507,0,-13.815510557964274,0,-152.14999582678669
445,1741.6829745596669,-305.18234937458647,14.74508768126789,0,-13.815510557964274,0,-152.83612797053527
446,1745.5968688845201,-315.508225517776,-2.8812277323456787,0,-13.815510557964274,0,-153.52380371865667
447,1749.5107632093732,-294.30573087734297,10.10552572566076,0,-13.815510557964274,0,-154.21302307115099
448,1753.4246575342263,-284.88109226587534,10.43024574175649,0,-13.815510557964274,0,-154.90378602801815
449,1757.3385518590794,-274.05823805311707,11.304506675361489,0,-13.815510557964274,0,-155.59609258925829
450,1761.2524461839325,-276.8591293941821,-2.2539386380688056,0,-13.815510557964274,0,-156.28994275487119
451,1765.1663405087857,-278.88824703587954,-15.805835460690282,0,-13.815510557964274,0,-156.9853365248571
452,1769.0802348336388,-256.54396345130198,-5.7020105628307238,0,-13.815510557964274,0,-157.68227389921589
453,1772.9941291584919,-245.3579489217021,-7.4230096888834751,0,-13.815510557964274,0,-158.38075487794745
454,1776.908023483345,-215.6416443751618,8.7741796128771856,0,-13.815510557964274,0,-159.08077946105203
455,1780.8219178081981,-201.76182761846641,8.5802947488181864,0,-13.815510557964274,0,-159.7823476485294
456,1784.7358121330512,-192.69083124851417,3.0832978046451993,0,-13.815510557964274,0,-160.48545944037971
457,1788.6497064579044,-185.58042845604038,-4.8058062499086578,0,-13.815510557964274,0,-161.19011483660285
458,1792.5636007827575,-147.97756570995455,17.430989912363678,0,-13.815510557964274,0,-161.89631383719899
459,1796.4774951076106,-127.85996012681406,21.882780728063015,0,-13.815510557964274,0,-162.60405644216792
460,1800.3913894324637,-144.45412654776001,-10.608605409036699,0,-13.815510557964274,0,-163.31334265150977
461,1804.3052837573168,-107.3304870319498,10.455951937621455,0,-13.815510557964274,0,-164.02417246522455
462,1808.2191780821699,-101.38125397925856,0.25464521245919308,0,-13.815510557964274,0,-164.73654588331209
463,1812.1330724070231,-87.404681383770821,-1.9398519491233679,0,-13.815510557964274,0,-165.45046290577267
464,1816.0469667318762,-80.578213522723061,-11.23387380279657,0,-13.815510557964274,0,-166.16592353260603
465,1819.9608610567293,-45.330652271344569,8.0147307541205635,0,-13.815510557964274,0,-166.88292776381232
466,1823.8747553815824,-37.738259009499089,-0.19984045629987468,0,-13.815510557964274,0,-167.60147559939145
467,1827.7886497064355,-44.62585225057758,-22.632772856473743,0,-13.815510557964274,0,-168.32156703934356
468,1831.7025440312887,-6.6834771598892031,0.094369065765047,0,-13.815510557964274,0,-169.04320208366852
469,1835.6164383561418,-6.1020408155623809,-14.142312207209466,0,-13.815510557964274,0,-169.76638073236634
470,1839.5303326809949,31.565105185945534,9.1690605605223077,0,-9.6859357844317966,0,-170.49110298543704
471,1843.444227005848,26.343197109235284,-9.8831273685315733,0,-9.8667779611738009,0,-171.21736884288066
472,1847.3581213307011,38.778774875033314,-10.691554184880745,0,-9.4801149709605284,0,-171.94517830469721
473,1851.2720156555542,48.017414032694177,-14.052503765619369,0,-9.266424291143446,0,-172.67453137088654
474,1855.1859099804074,90.270649718199536,16.300798289809137,0,-8.6351756518231291,0,-173.40542804144883
475,1859.0998043052605,91.592096347991841,6.4740596185784547,0,-8.620643045059099,0,-174.13786831638396
476,1863.0136986301136,70.504698422469261,-24.961056629111361,0,-8.8823086767179653,0,-174.87185219569207
477,1866.9275929549667,103.41424808311315,-1.5536257034425314,0,-8.4992452802497489,0,-175.60737967937297
478,1870.8414872798198,123.82174580067908,10.23870576802544,0,-8.3191450311094552,0,-176.34445076742682
479,1874.7553816046729,117.26816713973213,-4.0056886664451579,0,-8.3735246896595861,0,-177.08306545985349
480,1878.6692759295261,128.12909063748799,0.12205638779831955,0,-8.2849497522961464,0,-177.82322375665308
481,1882.5831702543792,124.89396730049747,-8.8595690856400413,0,-8.3105229128770723,0,-178.56492565782557
482,1886.4970645792323,121.19125229944363,-17.297435764602756,0,-8.3406181333226463,0,-179.30817116337096
483,1890.4109589040854,139.70137419094789,-2.4909026417451758,0,-8.1984809256630342,0,-180.05296027328924
484,1894.3248532289385,128.22316684840092,-16.625461729727999,0,-8.2842157917992996,0,-180.7992929875804
485,1898.2387475537917,146.69210182889006,0.24543799059420512,0,-8.1496521838368707,0,-181.54716930624446
486,1902.1526418786448,136.53897090710515,-10.440962894089246,0,-8.2213779535776315,0,-182.2965892292813
487,1906.0665362034979,150.40093203728952,3.9542959660910211,0,-8.1246834200529161,0,-183.0475527566912
488,1909.980430528351,139.37080244476806,-5.4788079213512573,0,-8.2008500038332546,0,-183.80005988847384
489,1913.8943248532041,145.96186879247398,3.7655544103097234,0,-8.1546426136633698,0,-184.5541106246294
490,1917.8082191780572,145.75213059793805,7.2533504647666529,0,-8.1560805853144718,0,-185.30970496515798
491,1921.7221135029104,115.53332835121759,-18.240222786470554,0,-8.3884289831152614,0,-186.06684291005928
492,1925.6360078277635,121.01949716094988,-7.0221037276398732,0,-8.3420363624282086,0,-186.82552445933354
493,1929.5499021526166,117.99348612153842,-3.3347469783256543,0,-8.3673586080237872,0,-187.58574961298069
494,1933.4637964774697,110.09930689703157,-3.5636573819837087,0,-8.4366052801102374,0,-188.34751837100075
495,1937.3776908023228,109.1415300259284,4.0621408002121528,0,-8.4453425480169209,0,-189.11083073339358
496,1941.2915851271759,77.977972770428082,-17.637057334247711,0,-8.7815616421779321,0,-189.87568670015946
497,1945.2054794520291,103.57504201463897,18.263872227628223,0,-8.4976916349979223,0,-190.64208627129807
498,1949.1193737768822,73.305688931020399,-0.9069812633613914,0,-8.8433498111148197,0,-191.41002944680966
499,1953.0332681017353,60.068869060040505,-2.298907361616239,0,-9.0424963069555133,0,-192.17951622669412
500,1956.9471624265884,44.703822383133279,-5.1240850647999583,0,-9.3379290187153945,0,-192.95054661095148
501,1960.8610567514415,52.938381913352153,16.290947629410759,0,-9.1688593968121666,0,-193.72312059958176
502,1964.7749510762947,25.086671587838509,2.2032251571067576,0,-9.9156513359419094,0,-194.49723819258486
503,1968.6888454011478,-15.027165058543467,-23.622672619610331,0,-13.815510557964274,0,-195.27289938996091
504,1972.6027397260009,-0.18611417047131606,5.9684844720058985,0,-13.815510557964274,0,-196.05010419170972
505,1976.516634050854,-36.349189158646567,-15.046057631184798,0,-13.815510557964274,0,-196.82885259783157
506,1980.4305283757071,-52.76011371704714,-15.975449315382344,0,-13.815510557964274,0,-197.6091446083262
507,1984.3444227005602,-43.594700650112252,8.9376616901145649,0,-13.815510557964274,0,-198.39098022319376
508,1988.2583170254134,-53.287941818140126,15.19032401710858,0,-13.815510557964274,0,-199.17435944243425
509,1992.1722113502665,-83.429065239128235,1.1245139926126015,0,-13.815510557964274,0,-199.95928226604758
510,1996.0861056751196,-110.42438629418605,-9.7354234198762271,0,-13.815510557964274,0,-200.74574869403384
511,1999.9999999999727,-101.03453649627653,15.780291375234214,0,-13.815510557964274,0,-201.53375872639293
