Idx,Gradient,NMR_signal(mean),NMR_signal(noise),NMR_signal(std),SAT_lhs(mean),SAT_lhs(std),SAT_rhs
0,0,939094.69052956579,-11.941313247524848,0,0,0,-0
1,3.9138943248532287,939071.60320602206,5.6265297798809266,0,-2.4584962068474657e-05,0,-2.6313443804355001e-05
2,7.8277886497064575,938941.9069849326,-2.116332186021495,0,-0.00016270560986132674,0,-0.00010525377521742001
3,11.741682974559687,938731.11075453518,-9.6974262768896455,0,-0.00038723483224616692,0,-0.0002368209942391951
4,15.655577299412915,938455.02441602421,-1.3675223179348392,0,-0.00068138396890230727,0,-0.00042101510086968002
5,19.569471624266143,938086.73828048923,-4.1212039684451272,0,-0.0010738997632048844,0,-0.00065783609510887506
6,23.483365949119371,937632.3169131371,-12.002979888483704,0,-0.0015584300823741875,0,-0.00094728397695678028
7,27.397260273972599,937122.64436252357,5.7380028188290364,0,-0.0021021518739656312,0,-0.0012893587464133946
8,31.311154598825826,936518.40685500985,9.6307230289502428,0,-0.0027471393736454644,0,-0.0016840604034787201
9,35.225048923679054,935821.7151539739,1.6047273757304645,0,-0.0034913329365565495,0,-0.0021313889481527552
10,39.138943248532286,935040.81777122791,-10.296563239174096,0,-0.0043261323024672213,0,-0.0026313443804355002
11,43.052837573385517,934194.41252852033,-7.6041845750348402,0,-0.0052317489812407098,0,-0.0031839267003269558
12,46.966731898238748,933261.59456929041,-11.475497365192046,0,-0.0062307744289811992,0,-0.0037891359078271215
13,50.88062622309198,932272.42324063589,7.8728268982920113,0,-0.0072912444197856495,0,-0.0044469720029359965
14,54.794520547945211,931167.85031839297,-8.9068245426535029,0,-0.008476764629137443,0,-0.0051574349856535837
15,58.708414872798443,930014.73782593431,4.724969601115979,0,-0.0097158828621856669,0,-0.005920524855979878
16,62.622309197651674,928761.3341274932,-3.3290735357671681,0,-0.011064516414477282,0,-0.0067362416139148855
17,66.536203522504906,927439.81893167424,-1.2577571483181706,0,-0.012488408881000796,0,-0.0076045852594586009
18,70.450097847358137,926048.85509205225,9.2105878517761202,0,-0.013989323475451745,0,-0.0085255557926110278
19,74.363992172211368,924557.79287735233,-2.987423404656528,0,-0.01560075455832474,0,-0.0094991532133721635
20,78.2778864970646,923007.04965728859,2.1296710815984214,0,-0.01727944376968911,0,-0.01052537752174201
21,82.191780821917831,921368.96728253318,-3.5542136161154336,0,-0.019055744036470521,0,-0.011604228717720565
22,86.105675146771063,919656.42326953996,-7.64128722139011,0,-0.020916168684314836,0,-0.012735706801307834
23,90.019569471624294,917892.18743729405,12.137000714969155,0,-0.022836375163812549,0,-0.013919811772503805
24,93.933463796477525,916038.56139176257,17.559704198861169,0,-0.024857854631271409,0,-0.015156543631308497
25,97.847358121330757,914094.57978090399,7.1179052566201086,0,-0.02698227093547036,0,-0.016445902377721897
26,101.76125244618399,912079.81262273854,-0.18267821046163574,0,-0.029188815922642757,0,-0.017787888011744003
27,105.67514677103722,910003.721028322,4.5343204546873457,0,-0.031467627463935777,0,-0.019182500533374815
28,109.58904109589045,907844.25549039536,-1.3854948790439059,0,-0.033843476909662905,0,-0.020629739942614338
29,113.50293542074368,905614.73072665557,-5.252130372780611,0,-0.036302342430192841,0,-0.022129606239462578
30,117.41682974559691,903319.2054465519,-3.6511164632710633,0,-0.038840330652312717,0,-0.023682099423919523
31,121.33072407045015,900963.86116556264,8.9356345796928913,0,-0.041451168898819987,0,-0.025287219495985187
32,125.24461839530338,898494.96209163347,-21.909947758122691,0,-0.044195216821686943,0,-0.026944966455659559
33,129.15851272015661,896004.3832120857,-5.0136594208239726,0,-0.046971011067844459,0,-0.028655340302942627
34,133.07240704500984,893440.08528646035,6.8663254184447942,0,-0.049837039856169461,0,-0.030418341037834421
35,136.98630136986307,890784.65841204114,-4.4166175052158971,0,-0.05281360303227349,0,-0.032233968660334913
36,140.9001956947163,888071.93277018948,-5.7864456481106243,0,-0.055863570925336337,0,-0.034102223170444118
37,144.81409001956953,885302.37361812638,2.4509203847642338,0,-0.058987064249657065,0,-0.036023104568162045
38,148.72798434442277,882458.66238535626,2.1890789582014683,0,-0.062204369787909726,0,-0.037996612853488668
39,152.641878669276,879540.60002421855,-7.5751092191370084,0,-0.065516590276512757,0,-0.040022748026423999
40,156.55577299412923,876571.86539684527,-3.9827344155550692,0,-0.068897623682848477,0,-0.042101510086968046
41,160.46966731898246,873531.20219370618,-9.125513066636703,0,-0.072372466186693782,0,-0.044232899035120815
42,164.38356164383569,870440.84489229193,-1.6194165098473936,0,-0.0759165144313005,0,-0.046416914870882287
43,168.29745596868892,867291.61014366732,8.4871341407119445,0,-0.079541051899301857,0,-0.048653557594252453
44,172.21135029354215,864081.45471880375,18.271638604369937,0,-0.083249275353346711,0,-0.050942827205231335
45,176.12524461839539,860784.03597384749,0.49841238564425355,0,-0.087072672342449808,0,-0.053284723703818947
46,180.03913894324862,857447.99323167233,2.9004031096744227,0,-0.09095578810024163,0,-0.05567924709001526
47,183.95303326810185,854031.97929609392,-16.78885567397198,0,-0.094947676438570064,0,-0.058126397363820276
48,187.86692759295508,850585.0015173537,-10.493734931226692,0,-0.098991966171510612,0,-0.060626174525234
49,191.78082191780831,847100.56492906844,14.347075081446848,0,-0.10309689767356905,0,-0.063178578574256433
50,195.69471624266154,843514.0014374,-7.8897938762425701,0,-0.10733981494586237,0,-0.065783609510887589
51,199.60861056751477,839907.33122422965,3.8494708654352161,0,-0.11162475022807496,0,-0.068441267335127426
52,203.522504892368,836220.10890767933,-11.857517628074639,0,-0.11602444941104816,0,-0.071151552046976013
53,207.43639921722124,832500.82955820044,-7.5028678900911654,0,-0.12048209768817421,0,-0.073914463646433282
54,211.35029354207447,828750.19926003681,16.622615949728463,0,-0.12499753407410658,0,-0.076730002133499287
55,215.2641878669277,824904.92001686338,-3.7851933258044572,0,-0.1296481847799251,0,-0.079598167508174
56,219.17808219178093,821028.62923172186,-6.1037972247858736,0,-0.13435833599273742,0,-0.082518959770457395
57,223.09197651663416,817124.06449376361,11.38118576801296,0,-0.13912537895165358,0,-0.085492378920349499
58,227.00587084148739,813142.39675904706,-1.1903270731625688,0,-0.14401007203257668,0,-0.088518424957850353
59,230.91976516634062,809122.93546845694,-5.5472917741503123,0,-0.14896545070685419,0,-0.091597097882959874
60,234.83365949119386,805056.98002949287,-11.435582096134391,0,-0.15400325844966054,0,-0.094728397695678132
61,238.74755381604709,800953.40616313484,-11.031168435604389,0,-0.15911354021624138,0,-0.097912324396005071
62,242.66144814090032,796824.49873493763,6.8931876493402662,0,-0.16428186380656684,0,-0.10114887798394075
63,246.57534246575355,792622.40589889965,-6.5774484690821522,0,-0.16956936679122059,0,-0.10443805845948512
64,250.48923679060678,788372.59377059538,-27.045037591202284,0,-0.17494550316756402,0,-0.10777986582263828
65,254.40313111546001,784115.87649091834,-14.768029940016966,0,-0.18035950493318331,0,-0.11117430007340004
66,258.31702544031322,779833.15307919669,10.07595989835399,0,-0.18583632551488569,0,-0.11462136121177051
67,262.23091976516645,775471.67325689166,-6.3435527193354861,0,-0.19144486112953657,0,-0.11812104923774971
68,266.14481409001968,771105.98230831989,9.4354071789989256,0,-0.19709049105124785,0,-0.12167336415133768
69,270.05870841487291,766686.46025605162,6.7069166079480977,0,-0.20283838536743906,0,-0.12527830595253431
70,273.97260273972614,762248.17689767876,19.452656210818557,0,-0.20864412188111983,0,-0.12893587464133965
71,277.88649706457937,757747.94358839199,3.3941551640747285,0,-0.21456551391349299,0,-0.13264607021775374
72,281.8003913894326,753234.29994983575,5.9799595739057256,0,-0.22053998129559765,0,-0.13640889268177647
73,285.71428571428584,748691.85207187815,10.724290765448339,0,-0.22658882959878801,0,-0.14022434203340797
74,289.62818003913907,744122.9609865119,18.895972388325252,0,-0.23271002468793603,0,-0.14409241827264818
75,293.5420743639923,739486.68173838174,-11.542049423665626,0,-0.23896004383954034,0,-0.14801312139949707
76,297.45596868884553,734860.88340533746,-3.8122397004405117,0,-0.2452351089888361,0,-0.15198645141395467
77,301.36986301369876,730212.76745444117,8.1963230974760073,0,-0.25158036206666373,0,-0.15601240831602095
78,305.28375733855199,725519.65077481337,0.71141731516423434,0,-0.25802815821405928,0,-0.160090992105696
79,309.19765166340522,720818.83121999702,9.9436532914227502,0,-0.26452848461177175,0,-0.16422220278297975
80,313.11154598825846,716081.37691400957,5.8762074168451797,0,-0.27112250059833304,0,-0.16840604034787218
81,317.02544031311169,711337.16129159264,17.300285362267946,0,-0.27776979144485464,0,-0.17264250480037338
82,320.93933463796492,706551.33283762005,8.2852791900427682,0,-0.28452045857920139,0,-0.17693159614048326
83,324.85322896281815,701746.5978418733,0.4619343599687023,0,-0.29134394888397497,0,-0.18127331436820182
84,328.76712328767138,696916.90892629954,-13.288716489259169,0,-0.2982501247987614,0,-0.18566765948352915
85,332.68101761252461,692092.63999834144,-3.659999582073894,0,-0.30519649652110842,0,-0.19011463148646515
86,336.59491193737784,687258.64123999001,13.135783568924195,0,-0.31220561539369113,0,-0.19461423037700981
87,340.50880626223108,682384.06735185219,5.1959884561846312,0,-0.31932366806403933,0,-0.19916645615516324
88,344.42270058708431,677501.92824572907,4.4787018948799675,0,-0.3265039171396204,0,-0.20377130882092534
89,348.33659491193754,672597.7450405733,-4.5408869431584797,0,-0.33376886930902544,0,-0.20842878837429621
90,352.25048923679077,667690.13195364585,-4.2882271320158889,0,-0.34109212441580361,0,-0.21313889481527579
91,356.164383561644,662792.26392108423,17.378575804500208,0,-0.34845470233919185,0,-0.21790162814386405
92,360.07827788649723,657834.74229019752,-9.9651937325895155,0,-0.35596256776174884,0,-0.22271698836006104
93,363.99217221135046,652917.8405079426,12.93517379407611,0,-0.3634650131656651,0,-0.22758497546386669
94,367.9060665362037,647963.85785075359,7.3678821912530434,0,-0.37108139613346414,0,-0.2325055894552811
95,371.81996086105693,643003.77110378107,3.3066404544164736,0,-0.3787657269300268,0,-0.2374788303343042
96,375.73385518591016,638012.32648323546,-25.497090934639303,0,-0.38655871234379358,0,-0.242504698100936
97,379.64774951076339,633067.58217206993,-1.9712482252765922,0,-0.39433913467858539,0,-0.24758319275517651
98,383.56164383561662,628102.26442598866,5.6332497385149525,0,-0.40221332135495619,0,-0.25271431429702573
99,387.47553816046985,623114.2659446802,-5.7588272115807806,0,-0.41018640160786562,0,-0.25789806272648369
100,391.38943248532308,618136.1722252724,-4.5203752541191351,0,-0.41820753941634614,0,-0.26313443804355036
101,395.30332681017632,613151.38743964047,-8.1957956863597801,0,-0.42630444899687775,0,-0.26842344024822579
102,399.21722113502955,608179.0884655827,1.4533114543060277,0,-0.4344469240174117,0,-0.2737650693405097
103,403.13111545988278,603192.90177884232,-2.8746938152370345,0,-0.44267926699209603,0,-0.27915932532040255
104,407.04500978473601,598223.50833607523,8.5836497840600892,0,-0.45095187212940796,0,-0.28460620818790405
105,410.95890410958924,593247.25285789673,11.266437502210312,0,-0.45930505136858713,0,-0.29010571794301432
106,414.87279843444247,588258.26155496226,-1.5956343466915026,0,-0.46775024420740319,0,-0.29565785458573313
107,418.7866927592957,583269.33534372586,-18.085820300609836,0,-0.47626725461713493,0,-0.30126261811606081
108,422.70058708414894,578316.86694642401,-2.6840021837682566,0,-0.48479438483982085,0,-0.30692000853399715
109,426.61448140900217,573364.90797855053,7.8006131734625885,0,-0.493393964329993,0,-0.31263002583954219
110,430.5283757338554,568410.44704719121,9.5077982791505296,0,-0.50207254020930903,0,-0.318392670032696
111,434.44227005870863,563457.79434788926,5.9110990110829036,0,-0.51082388445026572,0,-0.32420794111345835
112,438.35616438356186,558507.46551198943,-3.2981296952560113,0,-0.51964833051258885,0,-0.33007583908182958
113,442.27005870841509,553591.055976131,12.663825119846292,0,-0.52849006794811526,0,-0.33599636393780941
114,446.18395303326832,548657.59811991348,2.0303427387030712,0,-0.53744175191178867,0,-0.341969515681398
115,450.09784735812156,543734.44904126122,-8.6275940917159826,0,-0.54645533347900921,0,-0.34799529431259535
116,454.01174168297479,538842.08698182832,0.39517918863771151,0,-0.55549376208455814,0,-0.35407369983140141
117,457.92563600782802,533962.44974488416,10.276570957718409,0,-0.56459079835067827,0,-0.36020473223781618
118,461.83953033268125,529078.91975323891,3.6524266695070402,0,-0.5737787085984194,0,-0.3663883915318395
119,465.75342465753448,524215.44671914825,3.7393253173101049,0,-0.58301355832880308,0,-0.37262467771347169
120,469.66731898238771,519356.09794089105,-6.1150061460517593,0,-0.5923265449174302,0,-0.37891359078271253
121,473.58121330724094,514516.06738200609,-11.422504424783181,0,-0.6016895321025526,0,-0.38525513073956213
122,477.49510763209418,509699.33970446023,-8.8906361893521737,0,-0.61109529412259811,0,-0.39164929758402028
123,481.40900195694741,504916.1082332856,10.995658495934116,0,-0.62052402284338837,0,-0.39809609131608731
124,485.32289628180064,500113.34008375078,-5.4608232376615309,0,-0.6300815631069574,0,-0.40459551193576299
125,489.23679060665387,495340.35487000813,-9.5907634497960998,0,-0.63967120412259137,0,-0.41114755944304737
126,493.1506849315071,490597.25758864987,-1.9253732501498018,0,-0.64929277411288411,0,-0.41775223383794047
127,497.06457925636033,485852.05759611988,-15.077357107316601,0,-0.65901214668811881,0,-0.42440953512044227
128,500.97847358121356,481160.3379420063,5.9284705034303098,0,-0.66871575853445409,0,-0.43111946329055312
129,504.8923679060668,476436.84020086855,-24.759941152155577,0,-0.67858115112082995,0,-0.43788201834827217
130,508.80626223092003,471787.80103017064,-1.4852872482929858,0,-0.68838700560037924,0,-0.44469720029360016
131,512.7201565557732,467162.37713704736,24.344085301558373,0,-0.69823941612532003,0,-0.4515650091265368
132,516.63405088062643,462502.0272545662,-6.3638278030127626,0,-0.70826537581259386,0,-0.45848544484708204
133,520.54794520547966,457906.65193015645,5.7551105400804161,0,-0.71825096941423749,0,-0.46545850745523615
134,524.4618395303329,453310.09104114753,-5.9813029061606935,0,-0.7283398970231092,0,-0.47248419695099886
135,528.37573385518613,448743.71015768917,-10.715253577413353,0,-0.73846439266602049,0,-0.47956251333437044
136,532.28962818003936,444223.68018450437,7.2307204603223454,0,-0.74858809623368061,0,-0.48669345660535074
137,536.20352250489259,439709.22233777738,6.5986859472056398,0,-0.75880266588262568,0,-0.49387702676393969
138,540.11741682974582,435208.96637497819,-4.4464823471201544,0,-0.76909001779540553,0,-0.50111322381013723
139,544.03131115459905,430739.03194848617,-10.235781617256347,0,-0.77941390360960827,0,-0.5084020477439436
140,547.94520547945228,426310.36626324768,-0.2584638698388696,0,-0.78974867570630836,0,-0.51574349856535862
141,551.85909980430552,421894.3838365004,-3.5223234535892023,0,-0.80016130856560974,0,-0.5231375762743824
142,555.77299412915875,417527.60172958073,16.081480887339069,0,-0.81056566197583102,0,-0.53058428087101495
143,559.68688845401198,413159.09061853366,7.2294362831848504,0,-0.82108358991204045,0,-0.53808361235525604
144,563.60078277886521,408816.25812092132,-3.051064109823062,0,-0.83165050755540415,0,-0.54563557072710589
145,567.51467710371844,404519.0669679165,4.8363781414885585,0,-0.84221744349384531,0,-0.5532401559865644
146,571.42857142857167,400242.31854262104,5.3406261934834367,0,-0.85284615596458835,0,-0.56089736813363189
147,575.3424657534249,395979.32527643908,-8.5646804531329561,0,-0.86355431501491609,0,-0.56860720716830793
148,579.25636007827814,391774.69667112542,7.4048056149434522,0,-0.87422939484215234,0,-0.57636967309059273
149,583.17025440313137,387577.77517764416,2.2799225312243516,0,-0.88499977721891054,0,-0.58418476590048607
150,587.0841487279846,383395.05420472182,-17.744093770443708,0,-0.8958503853114328,0,-0.59205248559798829
151,590.99804305283783,379306.78317931178,27.29734417909966,0,-0.90657098405863057,0,-0.59997283218309894
152,594.91193737769106,375174.16616053268,-1.6633225062539769,0,-0.91752595476373,0,-0.60794580565581868
153,598.82583170254429,371100.5029566756,-1.5847988353877787,0,-0.92844339262989262,0,-0.61597140601614697
154,602.73972602739752,367055.71063402644,-2.7955486668718543,0,-0.93940267938176636,0,-0.6240496332640838
155,606.65362035225075,363054.51608555391,9.1986478069209348,0,-0.95036331096606086,0,-0.63218048739962962
156,610.56751467710399,359070.97368386824,8.2322163925432577,0,-0.96139624877627949,0,-0.64036396842278398
157,614.48140900195722,355098.23702182248,-12.748605424177777,0,-0.97252184080905946,0,-0.6486000763335471
158,618.39530332681045,351201.29900752212,11.054187484106198,0,-0.98355675548589139,0,-0.65688881113191899
159,622.30919765166368,347296.86826443183,-3.8333750282068184,0,-0.99473637367775547,0,-0.66523017281789965
160,626.22309197651691,343444.9254608273,2.398944255860564,0,-1.0058895506483339,0,-0.67362416139148873
161,630.13698630137014,339625.78756953083,9.9096991859372956,0,-1.0170719293261343,0,-0.6820707768526868
162,634.05088062622337,335822.21747819538,1.3152165954137549,0,-1.0283344107241597,0,-0.69057001920149352
163,637.96477495107661,332046.17913341225,-11.555416849550932,0,-1.0396422629893991,0,-0.69912188843790879
164,641.87866927592984,328328.18542216928,1.6873664062718354,0,-1.0509026425447707,0,-0.70772638456193304
165,645.79256360078307,324611.88240208168,-15.422318356694657,0,-1.0622860553070155,0,-0.71638350757356561
166,649.7064579256363,320969.00835551054,8.7530797519148678,0,-1.0735717447186415,0,-0.72509325747280728
167,653.62035225048953,317322.2916096999,-3.1478015217715969,0,-1.0849983658382845,0,-0.73385563425965761
168,657.53424657534276,313719.11070336984,-3.8252423960377695,0,-1.0964182823507511,0,-0.74267063793411658
169,661.44814090019599,310162.65538342873,9.8423818946646939,0,-1.1078194613483152,0,-0.75153826849618421
170,665.36203522504923,306605.04427728133,-10.083902550175727,0,-1.1193558973993538,0,-0.76045852594586061
171,669.27592954990246,303101.11101385584,-8.8177252836856326,0,-1.1308498664488853,0,-0.76943141028314543
172,673.18982387475569,299652.35671613691,15.104941132485642,0,-1.1422933242391486,0,-0.77845692150803925
173,677.10371819960892,296211.54713609198,14.422734420677044,0,-1.1538424306805584,0,-0.78753505962054182
174,681.01761252446215,292778.3667802756,-11.197155032879532,0,-1.1655004205981265,0,-0.79666582462065294
175,684.93150684931538,289412.0857675008,-2.4923111663559707,0,-1.1770647412198103,0,-0.80584921650837282
176,688.84540117416861,286064.69815800147,-7.4669490317856821,0,-1.1886983134363447,0,-0.81508523528370136
177,692.75929549902185,282761.97452275071,-0.33953258152979549,0,-1.2003108516960104,0,-0.82437388094663877
178,696.67318982387508,279456.47326412651,-28.531642111266862,0,-1.2120697662594058,0,-0.83371515349718484
179,700.58708414872831,276232.7000626502,-7.5087164956113988,0,-1.2236726893451995,0,-0.84310905293533978
180,704.50097847358154,273036.7688662287,8.8807463473942398,0,-1.2353098454010853,0,-0.85255557926110315
181,708.41487279843477,269855.07913336257,7.082242373403778,0,-1.2470312450593168,0,-0.86205473247447539
182,712.328767123288,266697.75291647145,-2.7278460223954424,0,-1.2588003103661529,0,-0.87160651257545618
183,716.24266144814123,263586.07985348732,0.80255050618713208,0,-1.2705363226141921,0,-0.88121091956404562
184,720.15655577299447,260506.98880106673,4.6726301837089927,0,-1.2822866267640325,0,-0.89086795344024416
185,724.0704500978477,257450.449824215,-1.0694816194988517,0,-1.2940890422885363,0,-0.90057761420405091
186,727.98434442270093,254432.51181417878,-0.28930580712600168,0,-1.3058806946963775,0,-0.91033990185546676
187,731.89823874755416,251458.91144255357,12.842753413069035,0,-1.3176367138016434,0,-0.92015481639449126
188,735.81213307240739,248493.4968535637,2.2749099525937018,0,-1.3294996404176955,0,-0.93002235782112441
189,739.72602739726062,245568.41033781786,0.2564791468620492,0,-1.3413407504111885,0,-0.93994252613536622
190,743.63992172211385,242688.90399495949,12.153350467444657,0,-1.3531359233365858,0,-0.94991532133721679
191,747.55381604696709,239807.1947873164,-9.6971481461042348,0,-1.365081070582038,0,-0.9599407434266759
192,751.46771037182032,236988.4333195634,-0.017659206431603847,0,-1.3769049806232379,0,-0.970018792403744
193,755.38160469667355,234195.53683283948,4.2420106832145485,0,-1.3887599221023896,0,-0.98014946826842075
194,759.29549902152678,231439.5335035052,14.249002764797162,0,-1.4005976709687931,0,-0.99033277102070605
195,763.20939334638001,228688.83737234341,-1.4378504598681994,0,-1.4125540252119602,0,-1.0005687006606001
196,767.12328767123324,225977.99447464384,-8.1220798118752509,0,-1.424478691058245,0,-1.0108572571881029
197,771.03718199608647,223297.19441076712,-15.458192315375145,0,-1.4364127214565063,0,-1.0211984406032144
198,774.95107632093971,220673.87959777479,4.1573982860513254,0,-1.4482303622749138,0,-1.0315922509059348
199,778.86497064579294,218054.36759138884,-2.7914872582070531,0,-1.4601718916916149,0,-1.0420386880962638
200,782.77886497064617,215474.95188343467,0.15982445826357339,0,-1.4720716457797764,0,-1.0525377521742014
201,786.6927592954994,212915.66706784151,-6.7781522263000715,0,-1.4840201579588022,0,-1.0630894431397477
202,790.60665362035263,210407.66929378794,7.7312150068831462,0,-1.4958693847932485,0,-1.0736937609929031
203,794.52054794520586,207915.59014892785,8.5043852923565666,0,-1.507784135264796,0,-1.084350705733667
204,798.43444227005909,205452.66392871752,8.9647412855832904,0,-1.5197006544516301,0,-1.0950602773620388
205,802.34833659491233,203003.30419871167,-6.2810193208960587,0,-1.5316940602583182,0,-1.1058224758780202
206,806.26223091976556,200605.97417998733,1.4273327533786131,0,-1.5435736593689391,0,-1.1166373012816102
207,810.17612524461879,198233.37530468518,4.9919470047461143,0,-1.5554713162371532,0,-1.1275047535728091
208,814.09001956947202,195895.15060352263,14.260115778163529,0,-1.5673367458130676,0,-1.1384248327516162
209,818.00391389432525,193576.2353139086,14.37471957539927,0,-1.579244900178431,0,-1.1493975388180322
210,821.91780821917848,191281.09567040324,10.012856843552973,0,-1.5911722647778721,0,-1.1604228717720573
211,825.83170254403171,189012.90758601332,4.5643667798956828,0,-1.6031010091749867,0,-1.1715008316136908
212,829.74559686888495,186789.3935089017,15.968529783343783,0,-1.6149345717568158,0,-1.1826314183429325
213,833.65949119373818,184548.18588591059,-17.922623013669497,0,-1.6270057165136422,0,-1.1938146319597833
214,837.57338551859141,182384.10368826758,-2.0679357078128913,0,-1.6388013929980731,0,-1.2050504724642432
215,841.48727984344464,180217.21410728953,-16.175581244687546,0,-1.6507534476094341,0,-1.2163389398563116
216,845.40117416829787,178106.52514581601,-1.0106169161808514,0,-1.6625344888444313,0,-1.2276800341359886
217,849.3150684931511,176009.08009216384,0.69934508369630788,0,-1.6743807308684748,0,-1.2390737553032742
218,853.22896281800433,173944.198548457,8.5050239286831602,0,-1.6861817662260277,0,-1.2505201033581688
219,857.14285714285757,171907.81419075475,18.57309070996731,0,-1.6979579468824193,0,-1.2620190783006719
220,861.0567514677108,169865.97946511835,-2.8092725735907575,0,-1.7099065459619402,0,-1.273570680130784
221,864.97064579256403,167883.72696714543,9.6268719726096332,0,-1.7216446776040919,0,-1.285174908848504
222,868.88454011741726,165911.78355838938,6.8462025566810771,0,-1.7334600932550575,0,-1.2968317644538334
223,872.79843444227049,163978.79730661656,17.735948521136905,0,-1.745179181258127,0,-1.3085412469467717
224,876.71232876712372,162042.53603452083,0.30431220456681307,0,-1.7570574471268479,0,-1.3203033563273183
225,880.62622309197695,160138.27120899735,-9.93576604890076,0,-1.7688786789200734,0,-1.3321180925954741
226,884.54011741683018,158287.85988990538,9.1152192163433057,0,-1.7805010425874042,0,-1.3439854557512376
227,888.45401174168342,156439.34917413432,5.7476635897038992,0,-1.7922479263566287,0,-1.3559054457946105
228,892.36790606653665,154602.26874264423,-10.264716595174351,0,-1.8040605050428584,0,-1.367878062725592
229,896.28180039138988,152810.48675046535,-4.8091080598199767,0,-1.8157178110652601,0,-1.3799033065441824
230,900.19569471624311,151042.57883789789,0.93529943769593293,0,-1.8273545398833555,0,-1.3919811772503814
231,904.10958904109634,149278.95611677688,-12.374809184186102,0,-1.8390995717208638,0,-1.4041116748441891
232,908.02348336594957,147560.98729735953,-3.1248533735323916,0,-1.8506747524827609,0,-1.4162947993256056
233,911.9373776908028,145856.04719556816,-3.6939530098842472,0,-1.8622961588089568,0,-1.4285305506946306
234,915.85127201565604,144170.22298229614,-7.7487797968100018,0,-1.8739216105237202,0,-1.4408189289512647
235,919.76516634050927,142530.06125251786,11.503413761137743,0,-1.8853633823899798,0,-1.4531599340955066
236,923.6790606653625,140883.66337538953,2.4100489665070461,0,-1.8969818486423249,0,-1.465553566127358
237,927.59295499021573,139277.49206185958,11.67969563303947,0,-1.9084480271592201,0,-1.477999825046818
238,931.50684931506896,137673.4526593656,1.4632764541191858,0,-1.9200317200053429,0,-1.4904987108538867
239,935.42074363992219,136088.27659637449,-11.262576230043997,0,-1.9316125482216313,0,-1.5030502235485634
240,939.33463796477542,134545.48713325945,-2.7298547794164869,0,-1.9430139798421646,0,-1.5156543631308501
241,943.24853228962866,133023.084055388,5.3054341334882684,0,-1.9543936385211491,0,-1.5283111296007448
242,947.16242661448189,131547.93532479869,39.954841013379621,0,-1.9655450036298758,0,-1.5410205229582485
243,951.07632093933512,130014.41107246847,-4.168611890908382,0,-1.9772710172932928,0,-1.5537825432033605
244,954.99021526418835,128541.67734101652,-7.6567631116898083,0,-1.9886631269751007,0,-1.5665971903360811
245,958.90410958904158,127096.1968111124,-3.8056583395340877,0,-1.999972061068799,0,-1.5794644643564111
246,962.81800391389481,125672.58779438055,2.243372121304362,0,-2.0112363006115213,0,-1.5923843652643492
247,966.73189823874804,124275.08457305543,14.963985046454447,0,-2.0224187834965526,0,-1.6053568930598969
248,970.64579256360128,122861.74985092909,-7.3427903511590031,0,-2.0338565777327733,0,-1.6183820477430519
249,974.55968688845451,121486.20441928218,-10.81894973071255,0,-2.045115603548795,0,-1.6314598293138167
250,978.47358121330774,120145.32486742036,1.6481359891608969,0,-2.0562142653828142,0,-1.6445902377721895
251,982.38747553816097,118785.40636744328,-23.411553233397875,0,-2.0675977586506264,0,-1.657773273118172
252,986.3013698630142,117491.40961099339,-0.80380618456105801,0,-2.0785510947906869,0,-1.6710089353517619
253,990.21526418786743,116182.07977283128,-11.551270958728896,0,-2.0897577023061684,0,-1.6842972244729615
254,994.12915851272066,114907.27416699599,-5.5658507377811137,0,-2.1007908244807076,0,-1.6976381404817691
255,998.0430528375739,113646.81044647931,-2.8005538841440627,0,-2.1118208308070701,0,-1.7110316833781862
256,1001.9569471624271,112427.46196304988,23.745818249214242,0,-2.1226080848764433,0,-1.7244778531622125
257,1005.8708414872804,111166.17700411583,-8.7521373454802145,0,-2.1338901440912932,0,-1.7379766498338456
258,1009.7847358121336,109953.11295114242,-9.9123103700462991,0,-2.1448622869834781,0,-1.7515280733930887
259,1013.6986301369868,108761.46986209515,-6.3115361968382011,0,-2.1557591816050818,0,-1.76513212383994
260,1017.6125244618401,107579.70257919014,-9.2735275341126844,0,-2.1666843238151041,0,-1.7787888011744006
261,1021.5264187866933,106422.23796476673,-4.1516760029731232,0,-2.1775017575109543,0,-1.7924981053964688
262,1025.4403131115464,105268.78415154289,-11.019837394234166,0,-2.1883993876216548,0,-1.8062600365061472
263,1029.3542074363995,104154.82889848376,5.8259905808899486,0,-2.1990377845325995,0,-1.8200745945034331
264,1033.2681017612526,103015.47556239463,-18.29639186965106,0,-2.2100370908864861,0,-1.8339417793883275
265,1037.1819960861058,101916.38117722759,-17.517337238177909,0,-2.2207636313179702,0,-1.8478615911608309
266,1041.0958904109589,100853.80474930511,4.6329163641688824,0,-2.2312443255048784,0,-1.8618340298209433
267,1045.009784735812,99778.803778192305,-0.57926029931073919,0,-2.2419605422405375,0,-1.8758590953686636
268,1048.9236790606651,98727.780192667473,3.455023709881631,0,-2.2525499482532241,0,-1.889936787803993
269,1052.8375733855182,97680.572309503928,-3.2208846967602494,0,-2.2632136271988927,0,-1.9040671071269315
270,1056.7514677103713,96645.452349630272,-12.131687815565051,0,-2.2738671642328039,0,-1.9182500533374778
271,1060.6653620352245,95643.973896393582,-1.5226986209127193,0,-2.2842836237129278,0,-1.9324856264356338
272,1064.5792563600776,94640.424001774387,-6.9077527134894812,0,-2.2948316161944899,0,-1.946773826421399
273,1068.4931506849307,93666.472013980412,3.5796026466405726,0,-2.3051760134876647,0,-1.9611146532947714
274,1072.4070450097838,92704.716291313278,12.732807275943838,0,-2.3154969678020154,0,-1.9755081070557534
275,1076.3209393346369,91728.955917543004,-5.4560102267354864,0,-2.3260782186782216,0,-1.9899541877043441
276,1080.2348336594901,90790.155525390423,0.16877875754241378,0,-2.3363654556030298,0,-2.0044528952405427
277,1084.1487279843432,89854.649682681717,-3.8693218313305886,0,-2.3467229547280777,0,-2.0190042296643509
278,1088.0626223091963,88928.634688339283,-11.187146246276624,0,-2.3570821253704679,0,-2.0336081909757673
279,1091.9765166340494,88019.785883395583,-13.924564102124817,0,-2.3673546872189672,0,-2.0482647791747923
280,1095.8904109589025,87141.609035879897,1.6068976036117713,0,-2.3773818305381917,0,-2.0629739942614265
281,1099.8043052837556,86254.298834289017,-4.217457695332155,0,-2.3876164197821894,0,-2.0777358362356693
282,1103.7181996086088,85374.638110071188,-14.436278099372153,0,-2.3978672369544762,0,-2.0925503050975207
283,1107.6320939334619,84528.190244972619,-3.309759168613096,0,-2.4078312249151472,0,-2.1074174008469813
284,1111.545988258315,83687.082528246669,1.4637111542670243,0,-2.4178316810297193,0,-2.12233712348405
285,1115.4598825831681,82861.527088008326,10.268482874428793,0,-2.4277454497921473,0,-2.137309473008727
286,1119.3737769080212,82031.596968189406,3.3477209479179888,0,-2.4378118140840792,0,-2.1523344494210135
287,1123.2876712328743,81213.143772534226,-3.278949634925163,0,-2.447839212820464,0,-2.1674120527209086
288,1127.2015655577275,80404.976844995399,-10.636261359889915,0,-2.4578402406822972,0,-2.1825422829084129
289,1131.1154598825806,79639.822815919746,14.166245063405123,0,-2.4674020616277232,0,-2.1977251399835245
290,1135.0293542074337,78872.350370693661,25.958993355632408,0,-2.477085588476037,0,-2.2129606239462456
291,1138.9432485322868,78090.717246318134,13.059373158306675,0,-2.4870451235084876,0,-2.2282487347965754
292,1142.8571428571399,77322.650432548544,3.3519469682320531,0,-2.4969293835111483,0,-2.2435894725345142
293,1146.7710371819931,76567.535125327748,-3.6225897903548852,0,-2.5067431525297139,0,-2.2589828371600618
294,1150.6849315068462,75835.660293891327,2.5781657948867478,0,-2.5163476815622978,0,-2.2744288286732171
295,1154.5988258316993,75118.666394656262,13.746046252950119,0,-2.5258472342659459,0,-2.2899274470739819
296,1158.5127201565524,74386.553185250828,0.030136754081363418,0,-2.5356411272617745,0,-2.3054786923623549
297,1162.4266144814055,73672.822575568367,-4.9203641160952563,0,-2.5452823422760171,0,-2.3210825645383375
298,1166.3405088062586,72955.000627511414,-23.434134193979133,0,-2.5550734946912486,0,-2.3367390636019274
299,1170.2544031311118,72284.641185802189,-3.8140858426723323,0,-2.564304641142324,0,-2.3524481895531273
300,1174.1682974559649,71615.886292331517,8.2230601230679596,0,-2.57359939106151,0,-2.3682099423919354
301,1178.082191780818,70946.667161887584,10.747762504867239,0,-2.5829878879683386,0,-2.3840243221183526
302,1181.9960861056711,70275.898287381438,2.8117778708339487,0,-2.5924874168376126,0,-2.3998913287323784
303,1185.9099804305242,69633.153338317148,14.124072510564877,0,-2.6016755210148261,0,-2.4158109622340129
304,1189.8238747553773,68964.61795222995,-8.9963721100026692,0,-2.6113227262306582,0,-2.4317832226232552
305,1193.7377690802305,68330.498209748665,-6.2120697596847672,0,-2.6205601160124372,0,-2.447808109900107
306,1197.6516634050836,67714.313802396908,6.1261533667143562,0,-2.6296187285655765,0,-2.4638856240645675
307,1201.5655577299367,67091.64795293138,3.7290944547902067,0,-2.6388567514185519,0,-2.4800157651166361
308,1205.4794520547898,66486.428230055506,10.650004684468431,0,-2.6479184759413954,0,-2.4961985330563139
309,1209.3933463796429,65865.836569850653,-5.8053730261894376,0,-2.6572964221267941,0,-2.5124339278836008
310,1213.3072407044961,65263.729394509282,-11.658668588027512,0,-2.6664798797629303,0,-2.5287219495984954
311,1217.2211350293492,64686.523688150708,-0.37279185839575979,0,-2.6753634254063559,0,-2.545062598201
312,1221.1350293542023,64107.987774087269,1.9388620323650205,0,-2.6843473455853393,0,-2.5614558736911133
313,1225.0489236790554,63536.320063675892,3.5911792648472076,0,-2.6933046041154425,0,-2.5779017760688339
314,1228.9628180039085,62970.223627759697,3.401916803257234,0,-2.7022543421761456,0,-2.594400305334164
315,1232.8767123287616,62401.554743503526,-6.6597324570272773,0,-2.7113261251823193,0,-2.6109514614871028
316,1236.7906066536148,61847.891056274835,-8.9049592351769853,0,-2.7202383154672742,0,-2.6275552445276498
317,1240.7045009784679,61317.324201917487,4.8673032217137475,0,-2.7288538995859488,0,-2.6442116544558059
318,1244.618395303321,60780.059613646954,4.9702050689425459,0,-2.7376545477101684,0,-2.660920691271571
319,1248.5322896281741,60252.045702001749,7.4581790546203406,0,-2.746379790654033,0,-2.677682354974944
320,1252.4461839530272,59720.515778369685,-0.33111653099892219,0,-2.7552407067645461,0,-2.6944966455659274
321,1256.3600782778803,59200.323830211128,-3.4410030413087247,0,-2.7639893040286667,0,-2.711363563044519
322,1260.2739726027335,58691.80822047752,-1.4320623132654058,0,-2.7726161522268438,0,-2.7282831074107174
323,1264.1878669275866,58171.84145495831,-17.332349445751824,0,-2.7815149021496581,0,-2.7452552786645263
324,1268.1017612524397,57703.877711853667,12.410156765212715,0,-2.7895919400411628,0,-2.7622800768059435
325,1272.0156555772928,57223.221566866829,23.196299012949304,0,-2.7979565285582226,0,-2.7793575018349688
326,1275.9295499021459,56736.12582521623,21.373593671769555,0,-2.8065051683877127,0,-2.7964875537516036
327,1279.8434442269991,56225.622458242644,-9.9328123443986271,0,-2.8155437473797962,0,-2.8136702325558471
328,1283.7573385518522,55769.564618623503,7.2218939406891849,0,-2.8236880323683899,0,-2.8309055382476984
329,1287.6712328767053,55286.263964068901,-8.7604643883959081,0,-2.8323918295810029,0,-2.8481934708271592
330,1291.5851272015584,54824.222985472719,-9.2887056069580805,0,-2.8407841944366607,0,-2.8655340302942292
331,1295.4990215264115,54387.614759919306,9.8974840517261615,0,-2.8487798579218269,0,-2.8829272166489068
332,1299.4129158512646,53922.063236633738,-5.4921432530892673,0,-2.8573765853622453,0,-2.9003730298911936
333,1303.3268101761178,53489.661646596913,6.7200330337087513,0,-2.8654279210304505,0,-2.9178714700210895
334,1307.2407045009709,53045.598119218441,1.8051389057739267,0,-2.8737644304663492,0,-2.9354225370385931
335,1311.154598825824,52603.340905249577,-6.6869509566615122,0,-2.882136682973004,0,-2.9530262309437063
336,1315.0684931506771,52182.307208258659,0.74123858115424424,0,-2.8901728209444624,0,-2.9706825517364277
337,1318.9823874755302,51763.439170330865,5.1107890441192545,0,-2.8982322234651106,0,-2.9883914994167573
338,1322.8962818003833,51326.489278101784,-13.748185446463992,0,-2.9067093369029959,0,-3.0061530739846969
339,1326.8101761252365,50922.378575543102,-4.8383052913588536,0,-2.9146138314004695,0,-3.0239672754402447
340,1330.7240704500896,50524.678973889859,5.4874045251317742,0,-2.9224544065463114,0,-3.0418341037834011
341,1334.6379647749427,50103.177212041097,-12.910505247051642,0,-2.9308318925225532,0,-3.0597535590141667
342,1338.5518590997958,49708.347629630844,-9.4851152395275022,0,-2.9387434366550163,0,-3.0777256411325404
343,1342.4657534246489,49328.916949078841,4.5616642872745832,0,-2.946405856222305,0,-3.0957503501385224
344,1346.3796477495021,48930.166051314067,-5.4191112518814988,0,-2.9545222170629097,0,-3.1138276860321139
345,1350.2935420743552,48543.928305050096,-7.52507203876449,0,-2.9624471897500682,0,-3.1319576488133145
346,1354.2074363992083,48174.111215209428,2.2191338901492137,0,-2.9700945509658454,0,-3.150140238482122
347,1358.1213307240614,47794.764943785965,-2.069619320949792,0,-2.9780002025134045,0,-3.1683754550385399
348,1362.0352250489145,47435.088070931895,8.872844762860792,0,-2.9855541064998845,0,-3.186663298482566
349,1365.9491193737676,47074.705328340548,14.7357571172695,0,-2.9931805011059778,0,-3.2050037688142008
350,1369.8630136986208,46686.258199248659,-11.775978037119273,0,-3.0014664516112139,0,-3.2233968660334447
351,1373.7769080234739,46345.520996709063,5.1743135721217151,0,-3.0087916630413303,0,-3.2418425901402972
352,1377.690802348327,45975.693297531019,-11.152471432479,0,-3.0168034657508547,0,-3.2603409411347575
353,1381.6046966731801,45641.539218117556,4.0680799367899487,0,-3.0240980663836194,0,-3.2788919190168273
354,1385.5185909980332,45297.804832334354,5.641332893113141,0,-3.0316577431411087,0,-3.2974955237865058
355,1389.4324853228864,44959.884445683638,9.0198968497663685,0,-3.039145680584733,0,-3.3161517554437929
356,1393.3463796477395,44620.421619744258,6.9046674654220075,0,-3.0467246779286188,0,-3.3348606139886883
357,1397.2602739725926,44280.781750245616,0.71742212329402966,0,-3.0543655536210625,0,-3.3536220994211927
358,1401.1741682974457,43958.41287342026,7.9616434851780866,0,-3.0616722910052636,0,-3.3724362117413058
359,1405.0880626222988,43623.31942904368,-1.3037004761776096,0,-3.0693244593445037,0,-3.3913029509490284
360,1409.0019569471519,43325.922097217168,23.395697088449321,0,-3.0761651973739146,0,-3.4102223170443593
361,1412.9158512720051,42981.338848439904,-2.7694514571402733,0,-3.0841502747805514,0,-3.429194310027297
362,1416.8297455968582,42680.571543367187,11.254587873353746,0,-3.0911724983018267,0,-3.4482189298978456
363,1420.7436399217113,42343.300009691586,-14.801336303199895,0,-3.0991061126283705,0,-3.4672961766560024
364,1424.6575342465644,42052.928435997404,2.5171490207100549,0,-3.1059872902547534,0,-3.4864260503017683
365,1428.5714285714175,41746.430319682571,0.2329048427216211,0,-3.1133023696921338,0,-3.505608550835142
366,1432.4853228962706,41445.841071575349,0.42990021808923612,0,-3.1205287754908206,0,-3.5248436782561248
367,1436.3992172211238,41141.035569625186,-6.9692188289992476,0,-3.1279102602574764,0,-3.5441314325647166
368,1440.3131115459769,40869.312357323564,15.381084103831848,0,-3.1345368436944807,0,-3.5634718137609158
369,1444.22700587083,40554.960290985335,-8.1841021664040827,0,-3.1422582176265568,0,-3.5828648218447259
370,1448.1409001956831,40259.440116608741,-16.15854502737545,0,-3.1495718025849251,0,-3.6023104568161437
371,1452.0547945205362,39990.613413620056,-0.63591004198607726,0,-3.1562715540922053,0,-3.6218087186751693
372,1455.9686888453894,39701.222473080146,-8.829868693580881,0,-3.1635343360167267,0,-3.6413596074218044
373,1459.8825831702425,39433.97802993004,2.0136476702153878,0,-3.1702884847998747,0,-3.6609631230560491
374,1463.7964774950956,39152.831152091305,-4.1116494892381157,0,-3.1774435806796095,0,-3.6806192655779002
375,1467.7103718199487,38883.926917738223,-1.0187152946465983,0,-3.1843353405459665,0,-3.7003280349873617
376,1471.6242661448018,38630.495324200245,14.563750545932114,0,-3.1908743171449241,0,-3.7200894312844319
377,1475.5381604696549,38342.316137816648,-7.5438335484724472,0,-3.1983621697353737,0,-3.7399034544691099
378,1479.4520547945081,38083.769567881012,-2.921244467183433,0,-3.2051281202315023,0,-3.7597701045413969
379,1483.3659491193612,37832.05605133652,5.6713426694993636,0,-3.2117595290827681,0,-3.7796893815012944
380,1487.2798434442143,37562.024330045613,-6.8785560752840187,0,-3.2189227672197456,0,-3.7996612853487983
381,1491.1937377690674,37304.868568753416,-9.3386035828188145,0,-3.2257924732449532,0,-3.8196858160839122
382,1495.1076320939205,37056.795956168469,-5.4640289250139498,0,-3.23246455446986,0,-3.8397629737066343
383,1499.0215264187736,36800.25597528067,-12.768345608266145,0,-3.2394115150078719,0,-3.8598927582169642
384,1502.9354207436268,36586.558915545611,20.0951718162083,0,-3.2452353857960494,0,-3.8800751696149041
385,1506.8493150684799,36309.881691638882,-12.660682520023077,0,-3.2528263888735496,0,-3.9003102079004526
386,1510.763209393333,36073.021459803836,-8.2034187124189764,0,-3.2593710580417841,0,-3.9205978730736084
387,1514.6771037181861,35847.63413982746,5.1576814065969492,0,-3.2656387444508606,0,-3.9409381651343747
388,1518.5909980430392,35614.151478274172,7.888637788076335,0,-3.2721732437034645,0,-3.96133108408275
389,1522.5048923678924,35364.511206866322,-8.0390593909171528,0,-3.2792075069969941,0,-3.9817766299187327
390,1526.4187866927455,35123.844233556592,-17.461248816846808,0,-3.2860360932787653,0,-4.0022748026423232
391,1530.3326810175986,34914.539173561323,2.0434426121395437,0,-3.2920129783209191,0,-4.0228256022535254
392,1534.2465753424517,34682.731117480027,-3.3576226964908082,0,-3.2986744152512233,0,-4.0434290287523336
393,1538.1604696673048,34450.559519887873,-11.493195253207439,0,-3.3053910771746287,0,-4.0640850821387522
394,1542.0743639921579,34250.415874289123,10.059545435579828,0,-3.3112176090590557,0,-4.0847937624127795
395,1545.9882583170111,34025.472538172267,4.5038246806539135,0,-3.3178068795976956,0,-4.1055550695744136
396,1549.9021526418642,33813.546421513667,9.6869696633382656,0,-3.3240548121095563,0,-4.1263690036236591
397,1553.8160469667173,33579.206888008957,-9.7916809891381771,0,-3.3310092832203346,0,-4.1472355645605106
398,1557.7299412915704,33383.691640195815,7.3351160610873878,0,-3.3368488095162503,0,-4.1681547523849725
399,1561.6438356164235,33177.571648271347,11.667445621587486,0,-3.3430422211376394,0,-4.1891265670970412
400,1565.5577299412766,32940.472492809458,-17.14041556705968,0,-3.350214247317961,0,-4.2101510086967222
401,1569.4716242661298,32742.438773709226,-9.0155823306013776,0,-3.3562442577222016,0,-4.2312280771840083
402,1573.3855185909829,32568.199701217054,20.799037323585935,0,-3.3615799730035336,0,-4.2523577725589048
403,1577.299412915836,32331.498142827048,-13.926203716679224,0,-3.3688743862533999,0,-4.2735400948214117
404,1581.2133072406891,32162.987549646241,17.489241689126125,0,-3.3740999795682014,0,-4.2947750439715229
405,1585.1272015655422,31947.171439137139,-0.42439550917943503,0,-3.3808326699605549,0,-4.3160626200092471
406,1589.0410958903954,31754.356859019554,2.6662699864033796,0,-3.3868863761780941,0,-4.3374028229345774
407,1592.9549902152485,31557.679403026974,-0.07719995687820469,0,-3.393099352422976,0,-4.3587956527475171
408,1596.8688845401016,31372.663083699994,6.8948121880126951,0,-3.3989794047187085,0,-4.3802411094480647
409,1600.7827788649547,31179.009724306088,3.3093776583914609,0,-3.4051712128478373,0,-4.4017391930362226
410,1604.6966731898078,30999.766069795405,12.238138328129137,0,-3.4109366576875417,0,-4.4232899035119884
411,1608.6105675146609,30805.136799188735,3.9103249086144256,0,-3.4172348607407188,0,-4.4448932408753636
412,1612.5244618395141,30610.199440821423,-6.5723221479072063,0,-3.4235830475278486,0,-4.4665492051263485
413,1616.4383561643672,30445.037623358625,10.897703876682034,0,-3.4289933031676099,0,-4.4882577962649384
414,1620.3522504892203,30254.535761583011,1.2283671186384215,0,-3.4352702002403213,0,-4.5100190142911405
415,1624.2661448140734,30079.674552841185,5.4235908010805103,0,-3.4410666363724034,0,-4.5318328592049486
416,1628.1800391389265,29904.689205645016,7.7414909205500591,0,-3.4469010182881874,0,-4.5536993310063671
417,1632.0939334637796,29724.995019883027,3.6199614092761099,0,-3.4529280409714316,0,-4.5756184296953935
418,1636.0078277886328,29545.022762853208,-2.4879450101019027,0,-3.4590010207643576,0,-4.5975901552720302
419,1639.9217221134859,29380.293813012133,4.9611316197321651,0,-3.4645921448699655,0,-4.6196145077362738
420,1643.835616438339,29208.869114216919,4.0498173074528072,0,-3.4704439160647764,0,-4.641691487088127
421,1647.7495107631921,29021.876450207434,-14.072716948692715,0,-3.4768664100568882,0,-4.6638210933275879
422,1651.6634050880452,28873.192323459658,4.4911280350840164,0,-3.4820027526428565,0,-4.6860033264546592
423,1655.5772994128984,28696.642232878094,-6.4123384465209625,0,-3.4881361954576016,0,-4.7082381864693383
424,1659.4911937377515,28539.725205989151,0.73643933269355266,0,-3.4936193323878459,0,-4.7305256733716261
425,1663.4050880626046,28372.116101591084,-4.3674297942370979,0,-3.4995094805584395,0,-4.7528657871615225
426,1667.3189823874577,28227.823928356003,12.305038641603492,0,-3.5046081603715273,0,-4.7752585278390267
427,1671.2328767123108,28064.373036165242,8.2978999144223913,0,-3.5104154075694525,0,-4.7977038954041422
428,1675.1467710371639,27897.086117516068,-1.0467147471067204,0,-3.5163940728679233,0,-4.8202018898568646
429,1679.0606653620171,27755.936360277999,14.263558254128814,0,-3.5214665758014783,0,-4.8427525111971956
430,1682.9745596868702,27586.668153335791,-0.0079758994342411169,0,-3.5275836979084949,0,-4.8653557594251344
431,1686.8884540117233,27439.563489788554,6.4393362546076141,0,-3.5329304210839689,0,-4.8880116345406845
432,1690.8023483365764,27279.482700900211,-1.5157661703311014,0,-3.5387814457900859,0,-4.9107201365438424
433,1694.7162426614295,27137.503947388781,7.2230362280615568,0,-3.543999635345362,0,-4.9334812654346081
434,1698.6301369862827,26984.867309544716,3.9137365406305227,0,-3.5496400771431476,0,-4.9562950212129833
435,1702.5440313111358,26837.751013549765,4.7522310813165811,0,-3.5551067997575401,0,-4.9791614038789653
436,1706.4579256359889,26683.229809420485,-3.1692995133213673,0,-3.5608810449634012,0,-5.0020804134325596
437,1710.371819960842,26520.480730247717,-20.656627947118025,0,-3.566999023771968,0,-5.0250520498737599
438,1714.2857142856951,26393.524771912918,-3.6717975045154443,0,-3.5717976097320259,0,-5.0480763132025697
439,1718.1996086105482,26243.780604599848,-10.77940754666745,0,-3.57748728439172,0,-5.0711532034189872
440,1722.1135029354014,26112.299405170299,-0.91177819131512339,0,-3.5825098711019714,0,-5.0942827205230152
441,1726.0273972602545,25958.442711572807,-14.691093004900427,0,-3.5884194139700121,0,-5.1174648645146492
442,1729.9412915851076,25830.28081951087,-4.030999476676759,0,-3.5933688371244359,0,-5.1406996353938954
443,1733.8551859099607,25688.680625088469,-8.0487635550684296,0,-3.5988658637343041,0,-5.1639870331607494
444,1737.7690802348138,25552.433963214451,-7.9369284610505275,0,-3.604183741147958,0,-5.1873270578152102
445,1741.6829745596669,25416.50675551315,-8.714164029294464,0,-3.6095174807953323,0,-5.2107197093572823
446,1745.5968688845201,25292.542181076657,1.2779067620663467,0,-3.6144067391814478,0,-5.2341649877869605
447,1749.5107632093732,25157.830631470286,-0.65533451456561931,0,-3.6197471108082881,0,-5.2576628931042491
448,1753.4246575342263,25026.696911203246,-0.17429860213270665,0,-3.6249731844667106,0,-5.2812134253091445
449,1757.3385518590794,24892.142713047953,-4.2627106006622197,0,-3.6303641160283173,0,-5.3048165844016522
450,1761.2524461839325,24785.509955329369,18.435729939798858,0,-3.634657109588165,0,-5.328472370381764
451,1765.1663405087857,24628.560035586888,-10.303394720539563,0,-3.6410095694265907,0,-5.352180783249489
452,1769.0802348336388,24513.375850636778,1.6168021316513523,0,-3.6456973943488524,0,-5.3759418230048217
453,1772.9941291584919,24396.923638590219,11.176356246045771,0,-3.6504592720438742,0,-5.3997554896477595
454,1776.908023483345,24268.156052794973,7.3415289016376377,0,-3.6557512755554797,0,-5.4236217831783105
455,1780.8219178081981,24126.559973531159,-10.387378858641769,0,-3.6616030087587572,0,-5.4475407035964674
456,1784.7358121330512,24019.858555509341,5.7260237985070637,0,-3.6660353879873502,0,-5.4715122509022338
457,1788.6497064579044,23904.460870895778,12.103863041053803,0,-3.6708512271697469,0,-5.4955364250956071
458,1792.5636007827575,23772.672206331645,1.0642999020464379,0,-3.6763796216731177,0,-5.5196132261765927
459,1796.4774951076106,23644.832510366901,-7.0400197824539532,0,-3.6817717234494882,0,-5.5437426541451851
460,1800.3913894324637,23526.790979595116,-6.347376739464301,0,-3.6867765025276129,0,-5.567924709001387
461,1804.3052837573168,23423.120363122573,7.7273287032583085,0,-3.6911927317386586,0,-5.5921593907451985
462,1808.2191780821699,23293.910749434453,-4.7136340257735512,0,-3.6967243308184869,0,-5.6164466993766142
463,1812.1330724070231,23188.402306827233,5.5819171771823548,0,-3.7012640628960569,0,-5.6407866348956439
464,1816.0469667318762,23065.639371223271,-2.3298326101333982,0,-3.7065722789744502,0,-5.6651791973022787
465,1819.9608610567293,22958.767258682532,4.7081196585798812,0,-3.7112164368225531,0,-5.689624386596523
466,1823.8747553815824,22832.896262913619,-8.1824050103155734,0,-3.7167140013619262,0,-5.714122202778376
467,1827.7886497064355,22729.083451845934,0.067031401340395688,0,-3.7212710022371223,0,-5.7386726458478394
468,1831.7025440312887,22614.517536436382,-3.3436447915553362,0,-3.7263242470920459,0,-5.7632757158049097
469,1835.6164383561418,22506.988833763466,-0.61305340553613552,0,-3.7310904401950773,0,-5.7879314126495895
470,1839.5303326809949,22386.637220668192,-11.590404272332737,0,-3.7364520878046599,0,-5.8126397363818771
471,1843.444227005848,22295.124181782205,5.3965532649485128,0,-3.7405483080060056,0,-5.8374006870017743
472,1847.3581213307011,22177.997249490985,-4.094027212120805,0,-3.7458156334972719,0,-5.8622142645092818
473,1851.2720156555542,22060.614230722091,-14.693859937088739,0,-3.75112245892978,0,-5.8870804689043954
474,1855.1859099804074,21963.972332659792,-5.3953987749758472,0,-3.7555128262603983,0,-5.9119993001871185
475,1859.0998043052605,21857.389121384964,-6.8708761154985121,0,-3.7603772767434642,0,-5.9369707583574494
476,1863.0136986301136,21748.495142430729,-11.47967985458031,0,-3.7653717497213091,0,-5.9619948434153915
477,1866.9275929549667,21647.668292428127,-8.8339792899289282,0,-3.7700185674789521,0,-5.9870715553609397
478,1870.8414872798198,21550.707578584908,-3.1249631877765012,0,-3.7745076657247778,0,-6.0122008941940992
479,1874.7553816046729,21448.611856096315,-3.344099924381791,0,-3.7792563880621901,0,-6.0373828599148647
480,1878.6692759295261,21362.063446661454,11.200483472261267,0,-3.7832997032742681,0,-6.0626174525232388
481,1882.5831702543792,21252.427090679554,1.882955951462302,0,-3.7884452111283329,0,-6.0879046720192234
482,1886.4970645792323,21170.584233952886,19.594071568033705,0,-3.7923036339845586,0,-6.1132445184028166
483,1890.4109589040854,21057.889572297026,5.6977165067026858,0,-3.7976410245664423,0,-6.1386369916740193
484,1894.3248532289385,20946.656841497654,-7.4832985579104143,0,-3.8029372603458285,0,-6.164082091832829
485,1898.2387475537917,20860.047339519038,3.221286137466036,0,-3.8070805970464403,0,-6.189579818879249
486,1902.1526418786448,20748.063159786419,-12.177584896481026,0,-3.8124634153855235,0,-6.2151301728132742
487,1906.0665362034979,20664.582957470069,0.20748624362535351,0,-3.8164950493532923,0,-6.2407331536349133
488,1909.980430528351,20566.930565115585,-2.2910311723085979,0,-3.8212318424806262,0,-6.2663887613441567
489,1913.8943248532041,20478.983734954541,4.2131481283598387,0,-3.8255171393851772,0,-6.2920969959410096
490,1917.8082191780572,20385.754448884913,4.7404377072425286,0,-3.8300799704205075,0,-6.3178578574254756
491,1921.7221135029104,20288.542191407327,0.59865463461506629,0,-3.8348600133766735,0,-6.343671345797544
492,1925.6360078277635,20200.43805758356,4.887129709263359,0,-3.8392120258175746,0,-6.3695374610572237
493,1929.5499021526166,20116.502435345978,12.674392003310755,0,-3.843375821109511,0,-6.3954562032045139
494,1933.4637964774697,20002.824393679104,-9.9424407467694458,0,-3.8490428327411981,0,-6.4214275722394119
495,1937.3776908023228,19903.837499766807,-18.521842811552766,0,-3.8540037636849607,0,-6.4474515681619158
496,1941.2915851271759,19838.15213805818,5.5544407483428602,0,-3.8573093566922014,0,-6.4735281909720328
497,1945.2054794520291,19748.195223111317,4.7211090458189835,0,-3.861854209945248,0,-6.499657440669754
498,1949.1193737768822,19656.096844013544,1.1159518738666867,0,-3.8665287538577267,0,-6.5258393172550866
499,1953.0332681017353,19567.568612104194,0.4581994798735895,0,-3.8710427828860774,0,-6.5520738207280269
500,1956.9471624265884,19477.841574568687,-2.0135618256494836,0,-3.8756388260600678,0,-6.5783609510885768
501,1960.8610567514415,19408.329412164592,15.121810033455041,0,-3.8792139909416239,0,-6.6047007083367362
502,1964.7749510762947,19315.952416239816,8.7919918535755901,0,-3.8839850114378964,0,-6.6310930924725033
503,1968.6888454011478,19217.872187436598,-3.8341042503868699,0,-3.8890756268449644,0,-6.65753810349588
504,1972.6027397260009,19145.814692468644,8.9767277839245914,0,-3.8928321781864028,0,-6.6840357414068601
505,1976.516634050854,19068.787879271888,16.239604923179627,0,-3.8968634600696666,0,-6.7105860062054568
506,1980.4305283757071,18952.859180260093,-15.970939946016816,0,-3.9029615156366173,0,-6.7371888978916568
507,1984.3444227005602,18877.822692700029,-7.8537759297058907,0,-3.9069284854213642,0,-6.7638444164654672
508,1988.2583170254134,18803.602781430323,0.52243025445331426,0,-3.9108678272226403,0,-6.7905525619268872
509,1992.1722113502665,18731.725947311945,10.691084339436435,0,-3.9146976549826542,0,-6.8173133342759158
510,1996.0861056751196,18620.197609756862,-19.335551402865971,0,-3.9206694314470805,0,-6.8441267335125522
511,1999.9999999999727,18548.87726153123,-9.6912018530368904,0,-3.9245070537716895,0,-6.8709927596367972
