Idx,Gradient,NMR_signal(mean),NMR_signal(noise),NMR_signal(std),SAT_lhs(mean),SAT_lhs(std),SAT_rhs
0,0,523044.41395860672,3.5195891864772344,0,0,0,-0
1,3.9138943248532287,522870.05018190766,-6.0976114894629383,0,-0.00033341881060536824,0,-0.00024004112269631269
2,7.8277886497064575,522382.29611001565,0.022814665191732229,0,-0.0012666941273750787,0,-0.00096016449078525077
3,11.741682974559687,521557.21986352932,-3.1452410431716835,0,-0.0028473918702168512,0,-0.0021603701042668148
4,15.655577299412915,520410.95297934429,-1.2890965180806988,0,-0.0050475883377687431,0,-0.0038406579631410031
5,19.569471624266143,518924.27946010197,-16.160968260613327,0,-0.0079084064584031572,0,-0.0060010280674078174
6,23.483365949119371,517128.76716399548,-19.436475431371139,0,-0.011374472408415739,0,-0.0086414804170672592
7,27.397260273972599,515031.50700441014,-7.9625480825526811,0,-0.015438304544527843,0,-0.011762015012119318
8,31.311154598825826,512617.43302860891,-1.4217453503499176,0,-0.020136559604919873,0,-0.015362631852564012
9,35.225048923679054,509899.17105971137,7.5346101207960618,0,-0.025453379618356347,0,-0.019443330938401327
10,39.138943248532286,506879.56173415866,15.830208393637813,0,-0.031392957434948805,0,-0.02400411226963127
11,43.052837573385517,503553.96798815957,12.294373284951849,0,-0.037975489895040966,0,-0.029044975846253838
12,46.966731898238748,499928.88329593471,-3.7043013626711812,0,-0.04520052708833612,0,-0.034565921668269037
13,50.88062622309198,496030.46583028161,-13.696274178858204,0,-0.053029034102734726,0,-0.040566949735676851
14,54.794520547945211,491896.22864867351,11.608610154039475,0,-0.061398605120902491,0,-0.047048060048477322
15,58.708414872798443,487469.02169223945,6.334398168966489,0,-0.070439638814137964,0,-0.054009252606670374
16,62.622309197651674,482783.49189842894,-4.0679574951364987,0,-0.080098085769939861,0,-0.061450527410256098
17,66.536203522504906,477857.10693207092,-11.762522285056816,0,-0.090354633658776856,0,-0.069371884459234423
18,70.450097847358137,472722.90074398887,6.2527786906172897,0,-0.101156998684063,0,-0.077773323753605378
19,74.363992172211368,467331.65107016853,-9.6396774575823283,0,-0.11262720277352009,0,-0.086654845293368948
20,78.2778864970646,461739.34217553854,-14.176937524515216,0,-0.12466584454733322,0,-0.096016449078525148
21,82.191780821917831,455957.2012691797,-7.1408569763861234,0,-0.13726743374254602,0,-0.10585813510907398
22,86.105675146771063,449996.73583092133,11.717898503691867,0,-0.15042605295727335,0,-0.11617990338501545
23,90.019569471624294,443817.80948331428,-9.2053286420997473,0,-0.16425224276767234,0,-0.1269817539063495
24,93.933463796477525,437488.39462489984,-13.577528964619152,0,-0.178616203112091,0,-0.13826368667307626
25,97.847358121330757,431025.28547064646,3.6239273596553492,0,-0.19349962661810069,0,-0.15002570168519563
26,101.76125244618399,424386.66949077451,-11.278657743157332,0,-0.20902138598769032,0,-0.16226779894270757
27,105.67514677103722,417651.80295048462,9.0503607640301702,0,-0.22501830390037439,0,-0.17498997844561212
28,109.58904109589045,410756.17184012564,-11.841623903478265,0,-0.2416665993993635,0,-0.18819224019390932
29,113.50293542074368,403779.2131744824,-6.4375194006946357,0,-0.25879815545514812,0,-0.20187458418759915
30,117.41682974559691,396706.11304348457,-1.4168131863231792,0,-0.27647064484565248,0,-0.21603701042668161
31,121.33072407045015,389520.94048174354,-24.48716229782173,0,-0.29474875565143893,0,-0.23067951891115676
32,125.24461839530338,382301.3075392106,-9.6910496239546369,0,-0.31345732109824825,0,-0.24580210964102453
33,129.15851272015661,375034.53144966683,18.788263182870075,0,-0.3326482763895367,0,-0.2614047826162848
34,133.07240704500984,367672.99025700719,2.0127309013497112,0,-0.35247245230034641,0,-0.2774875378369378
35,136.98630136986307,360295.99446661345,8.1899322363134139,0,-0.37274048151129763,0,-0.29405037530298334
36,140.9001956947163,352878.6604321716,1.5735092897942233,0,-0.3935421222969589,0,-0.31109329501442157
37,144.81409001956953,345447.53156938497,-1.8903475141686235,0,-0.41482561262805651,0,-0.3286162969712525
38,148.72798434442277,338026.9401932818,11.822362450683976,0,-0.43654078496564852,0,-0.3466193811734759
39,152.641878669276,330570.09470975015,-14.077832827018815,0,-0.45884765831414082,0,-0.36510254762109196
40,156.55577299412923,323177.00120166794,10.74729524283522,0,-0.48146621751959912,0,-0.3840657963141007
41,160.46966731898246,315785.30779154436,14.625660141747401,0,-0.50460380502297331,0,-0.4035091272525021
42,164.38356164383569,308418.0275281287,11.61338843568727,0,-0.52821028698564798,0,-0.42343254043629613
43,168.29745596868892,301073.36290249601,-8.6670052114174396,0,-0.55231241636178541,0,-0.44383603586548265
44,172.21135029354215,293809.66550685529,3.9447260097522365,0,-0.57673422053420387,0,-0.4647196135400618
45,176.12524461839539,286597.27608769253,11.996345807048939,0,-0.60158837086732408,0,-0.48608327346003377
46,180.03913894324862,279419.37755608064,-8.7160463660505876,0,-0.626952583394778,0,-0.50792701562539833
47,183.95303326810185,272344.80725541344,3.6701783215206962,0,-0.65259744477707449,0,-0.53025084003615541
48,187.86692759295508,265327.7837559855,-3.1849344486531841,0,-0.67870040052124248,0,-0.55305474669230514
49,191.78082191780831,258415.78562072388,12.057161594962775,0,-0.70509652208024731,0,-0.57633873559384741
50,195.69471624266154,251556.95004155952,-8.1872413896592544,0,-0.73199697656334839,0,-0.60010280674078254
51,199.60861056751477,244823.39957830438,2.9016061430570259,0,-0.75912924940351423,0,-0.62434696013310997
52,203.522504892368,238192.68375894867,17.985926593160404,0,-0.78658644023472168,0,-0.64907119577083028
53,207.43639921722124,231623.00116228699,-9.211560250138346,0,-0.814555327046529,0,-0.674275513653943
54,211.35029354207447,225205.48883299515,8.3763351715017933,0,-0.84265311286946087,0,-0.69995991378244871
55,215.2641878669277,218871.91607347238,-1.1516709586728415,0,-0.87117968137798441,0,-0.72612439615634694
56,219.17808219178093,212679.14789844089,15.790186681612539,0,-0.89988169985410726,0,-0.7527689607756376
57,223.09197651663416,206581.38595616206,10.506611820321346,0,-0.9289719263773174,0,-0.7798936076403209
58,227.00587084148739,200594.74318488079,-3.4141302194951875,0,-0.95837971226101915,0,-0.80749833675039695
59,230.91976516634062,194744.0230193859,-3.331941412327466,0,-0.98798038823584222,0,-0.83558314810586543
60,234.83365949119386,189020.35783338116,0.071812676215827501,0,-1.0178116593231636,0,-0.86414804170672677
61,238.74755381604709,183421.34130846427,2.9142281667311383,0,-1.0478804641111663,0,-0.89319301755298053
62,242.66144814090032,177935.13891956204,-7.7917036631741485,0,-1.0782472861920027,0,-0.92271807564462704
63,246.57534246575355,172607.09883388228,12.460237113842624,0,-1.1086484753653114,0,-0.95272321598166598
64,250.48923679060678,167373.70989480574,-0.3865037170979802,0,-1.1394372858773427,0,-0.98320843856409845
65,254.40313111546001,162276.20158667956,-5.3656083614929342,0,-1.1703665504620147,0,-1.0141737433919227
66,258.31702544031322,157313.55435699812,-3.4921295573830835,0,-1.2014254068041064,0,-1.0456191304651392
67,262.23091976516645,152469.26074532839,-11.016090367366289,0,-1.2327033751396306,0,-1.0775445997837485
68,266.14481409001968,147759.5252975176,-11.237384686080196,0,-1.2640802587593656,0,-1.1099501513477512
69,270.05870841487291,143184.13376049546,-3.6514094995362871,0,-1.2955349313601503,0,-1.142835785157146
70,273.97260273972614,138721.97782471208,-8.4390927771602904,0,-1.3271946113804147,0,-1.1762015012119333
71,277.88649706457937,134387.64771061915,-9.8889562418823704,0,-1.3589378650359532,0,-1.2100472995121139
72,281.8003913894326,130176.86430715876,-10.97944553056986,0,-1.3907723614945615,0,-1.2443731800576863
73,285.71428571428584,126099.4314174905,-0.44091791792264545,0,-1.4225956480066013,0,-1.2791791428486516
74,289.62818003913907,122132.10623825132,0.10088837872529734,0,-1.4545630850807643,0,-1.31446518788501
75,293.5420743639923,118266.6566860418,-15.831438242225442,0,-1.4867245046098088,0,-1.3502313151667606
76,297.45596868884553,114553.91684913135,4.4752195678851772,0,-1.5186207803135823,0,-1.3864775246939036
77,301.36986301369876,110921.82207749698,-9.0532465455798548,0,-1.5508407344217805,0,-1.4232038164664393
78,305.28375733855199,107418.14247633843,-6.5570866466315554,0,-1.5829372898169227,0,-1.4604101904843678
79,309.19765166340522,104019.38396482012,-9.3535821449461771,0,-1.615089115935169,0,-1.4980966467476893
80,313.11154598825846,100744.53655439072,3.7997669342736335,0,-1.6470784103778349,0,-1.5362631852564028
81,317.02544031311169,97572.884957655973,14.504885515124464,0,-1.6790667452226091,0,-1.5749098060105096
82,320.93933463796492,94476.755907494997,-2.5400088840265274,0,-1.71131254697482,0,-1.6140365090100084
83,324.85322896281815,91493.957385232497,-7.1111057782938669,0,-1.7433934513911511,0,-1.6536432942549
84,328.76712328767138,88617.283514612922,-3.9635055313890657,0,-1.7753394698712357,0,-1.6937301617451845
85,332.68101761252461,85843.449849733763,6.0952038858222943,0,-1.8071410951688087,0,-1.7342971114808616
86,336.59491193737784,83163.876760901228,16.980001225679093,0,-1.8388533019865891,0,-1.7753441434619306
87,340.50880626223108,80551.025660263913,3.6568565341233343,0,-1.870775539231887,0,-1.8168712576883927
88,344.42270058708431,78047.890033353149,11.626486851282035,0,-1.9023437689155021,0,-1.8588784541602472
89,348.33659491193754,75615.467295027571,4.3894540037885053,0,-1.9340055258776758,0,-1.9013657328774951
90,352.25048923679077,73268.517218700203,-0.80165622854374241,0,-1.9655353712417682,0,-1.9443330938401351
91,356.164383561644,71016.145186234746,7.6352623754733564,0,-1.996759133806506,0,-1.987780537048168
92,360.07827788649723,68831.20391924557,5.0082979681729984,0,-2.0280091945296959,0,-2.0317080625015933
93,363.99217221135046,66721.038861224049,1.0921020759502251,0,-2.0591460535950028,0,-2.0761156702004109
94,367.9060665362037,64672.598061745855,-14.766573430426039,0,-2.0903287931929917,0,-2.1210033601446217
95,371.81996086105693,62735.851363244707,9.7663999384601929,0,-2.1207333056809254,0,-2.1663711323342247
96,375.73385518591016,60836.399290548179,2.617925508190627,0,-2.1514780996051499,0,-2.2122189867692206
97,379.64774951076339,59008.097767400366,-0.070692414357415731,0,-2.181991697203586,0,-2.2585469234496087
98,383.56164383561662,57244.465250057438,-2.5393231539601944,0,-2.2123354210803181,0,-2.3053549423753896
99,387.47553816046985,55542.991230433756,-5.102851716309452,0,-2.2425090443300304,0,-2.3526430435465637
100,391.38943248532308,53902.033849518899,-7.2555669689540645,0,-2.2724981710259078,0,-2.4004112269631301
101,395.30332681017632,52327.038782539224,-1.4539540271263265,0,-2.302153150580704,0,-2.4486594926250893
102,399.21722113502955,50811.272748490264,7.6154422062788445,0,-2.3315481475211524,0,-2.4973878405324399
103,403.13111545988278,49325.96979307451,-6.8187881133603687,0,-2.3612156689819783,0,-2.5465962706851841
104,407.04500978473601,47901.536225414762,-12.408805500641956,0,-2.3905188065718868,0,-2.5962847830833211
105,410.95890410958924,46548.809318423315,3.5706033601250686,0,-2.4191649571419211,0,-2.6464533777268513
106,414.87279843444247,45223.558244631051,-1.2773866012818658,0,-2.4480482308232219,0,-2.697102054615772
107,418.7866927592957,43954.747841337499,3.7919877293386972,0,-2.4765057354453996,0,-2.7482308137500873
108,422.70058708414894,42712.422942972946,-9.4505369996267525,0,-2.5051765686325727,0,-2.7998396551297948
109,426.61448140900217,41545.646980235899,9.7305756971099893,0,-2.532873631991762,0,-2.8519285787548947
110,430.5283757338554,40376.672920985155,-14.793012451316287,0,-2.561414166726351,0,-2.9044975846253878
111,434.44227005870863,39289.907877139747,2.9516180696591081,0,-2.5886986931083968,0,-2.9575466727412723
112,438.35616438356186,38212.270680915673,-8.6031280140681048,0,-2.6165096959409833,0,-3.0110758431025504
113,442.27005870841509,37170.952829765229,-20.803653988491099,0,-2.6441387636294107,0,-3.0650850957092199
114,446.18395303326832,36201.225615193791,3.0328159606161971,0,-2.6705734069543601,0,-3.1195744305612836
115,450.09784735812156,35224.615296220887,-14.205648491834854,0,-2.6979212455891699,0,-3.1745438476587391
116,454.01174168297479,34308.409933038041,-3.9178385425764199,0,-2.7242758703157985,0,-3.2299933470015878
117,457.92563600782802,33399.519233486528,-17.928489780963055,0,-2.7511248763141998,0,-3.2859229285898293
118,461.83953033268125,32559.942486566259,6.9807685887523121,0,-2.7765836072365877,0,-3.3423325924234617
119,465.75342465753448,31714.379873620732,-3.3161208542278042,0,-2.8028961801856669,0,-3.3992223385024887
120,469.66731898238771,30934.547030773614,24.026100334042923,0,-2.8277927957233002,0,-3.4565921668269071
121,473.58121330724094,30128.19827216585,-2.1515699233843577,0,-2.8542048290998348,0,-3.5144420773967191
122,477.49510763209418,29397.691674408386,21.553901446713503,0,-2.8787502251999588,0,-3.5727720702119221
123,481.40900195694741,28640.359564434249,-6.5207145037846796,0,-2.9048494853485298,0,-3.6315821452725192
124,485.32289628180064,27931.490943126748,-10.121272673049331,0,-2.9299116220315504,0,-3.6908723025785082
125,489.23679060665387,27270.76904922575,11.362514399023933,0,-2.9538509842346787,0,-3.7506425421298899
126,493.1506849315071,26584.292386462701,-15.08070472425986,0,-2.9793458524064835,0,-3.8108928639266639
127,497.06457925636033,25941.814165729942,-18.843303399451738,0,-3.0038102685453767,0,-3.8716232679688312
128,500.97847358121356,25350.087857931092,7.6480306488554746,0,-3.0268841861589824,0,-3.9328337542563938
129,504.8923679060668,24720.474549304905,-23.459217378459762,0,-3.0520345526026826,0,-3.9945243227893448
130,508.80626223092003,24145.972966383088,-18.412257147540107,0,-3.0755487666665644,0,-4.0566949735676907
131,512.7201565557732,23591.816181331313,-11.255206709253962,0,-3.098766502071495,0,-4.1193457065914272
132,516.63405088062643,23066.949773880977,7.6501236314583396,0,-3.1212655346719242,0,-4.1824765218605569
133,520.54794520547966,22527.459905866664,-4.946667220254092,0,-3.1449313766469826,0,-4.2460874193750797
134,524.4618395303329,22031.362867692904,9.6059750982051,0,-3.167199358914262,0,-4.310178399134994
135,528.37573385518613,21525.270908343322,-1.4716364216432103,0,-3.190438745998208,0,-4.3747494611403033
136,532.28962818003936,21050.262462154718,3.4807440309435806,0,-3.2127533534246946,0,-4.4398006053910049
137,536.20352250489259,20563.785050159877,-17.532880738184716,0,-3.2361348605727955,0,-4.5053318318870987
138,540.11741682974582,20139.787815627213,9.968684253552615,0,-3.256969030221696,0,-4.571343140628584
139,544.03131115459905,19696.021069526676,4.244249649444928,0,-3.2792497428084153,0,-4.6378345316154634
140,547.94520547945228,19248.194297196944,-18.510893502882762,0,-3.3022491283952422,0,-4.7048060048477334
141,551.85909980430552,18840.777677182305,-13.362615036986751,0,-3.3236428357078869,0,-4.7722575603253983
142,555.77299412915875,18470.206420726689,16.567217253693908,0,-3.3435074118372072,0,-4.8401891980484555
143,559.68688845401198,18080.837955835916,16.058730358326265,0,-3.3648136809814124,0,-4.9086009180169032
144,563.60078277886521,17691.177088818516,4.0200031330410377,0,-3.3866003362420103,0,-4.9774927202307451
145,567.51467710371844,17308.449540507652,-11.938613598831578,0,-3.4084715869711095,0,-5.0468646046899792
146,571.42857142857167,16961.537085984877,-2.5685838145924897,0,-3.4287181256593033,0,-5.1167165713946066
147,575.3424657534249,16627.796984167919,9.8370075167985576,0,-3.4485905699458534,0,-5.1870486203446271
148,579.25636007827814,16288.023175589504,6.405407989299972,0,-3.4692363187563533,0,-5.25786075154004
149,583.17025440313137,15953.873347983952,-0.88798874615053269,0,-3.489964739103244,0,-5.3291529649808433
150,587.0841487279846,15650.006114729043,12.91827579538586,0,-3.5091950742826703,0,-5.4009252606670426
151,590.99804305283783,15309.621823256506,-18.68673389060141,0,-3.5311848739113381,0,-5.4731776385986306
152,594.91193737769106,15016.959653261585,-11.188524184643647,0,-3.5504861760293243,0,-5.5459100987756145
153,598.82583170254429,14740.884996887642,4.5409242952454925,0,-3.569041456533022,0,-5.6191226411979907
154,602.73972602739752,14458.331799834112,5.6862049320924921,0,-3.5883955384507056,0,-5.6928152658657574
155,606.65362035225075,14191.560890824396,14.747511239648965,0,-3.6070188975104256,0,-5.7669879727789191
156,610.56751467710399,13916.71586798978,8.0972080437882941,0,-3.6265756839393464,0,-5.8416407619374713
157,614.48140900195722,13660.934222012962,13.091625938650193,0,-3.6451261391124223,0,-5.9167736333414176
158,618.39530332681045,13391.233051588431,-3.0425672400880712,0,-3.66506613902571,0,-5.9923865869907571
159,622.30919765166368,13143.527299354018,-4.1894917434333525,0,-3.683736965124254,0,-6.0684796228854889
160,626.22309197651691,12913.422220360648,5.4490319352102823,0,-3.7013991293465596,0,-6.1450527410256113
161,630.13698630137014,12673.392454754858,-1.4668464189851398,0,-3.7201616685796046,0,-6.2221059414111286
162,634.05088062622337,12444.615335503866,-3.5811249182184266,0,-3.7383783558044041,0,-6.2996392240420382
163,637.96477495107661,12229.801160299254,1.9888704996736024,0,-3.7557906907759158,0,-6.3776525889183384
164,641.87866927592984,12028.810594213997,15.270408833328661,0,-3.7723617268615364,0,-6.4561460360400336
165,645.79256360078307,11807.921659112137,2.7028334421512703,0,-3.7908957487104455,0,-6.5351195654071192
166,649.7064579256363,11610.051919441625,7.3602058862402453,0,-3.8077951143276696,0,-6.6145731770195999
167,653.62035225048953,11406.90338090847,1.0966289961477824,0,-3.82544765013431,0,-6.6945068708774738
168,657.53424657534276,11208.378524865766,-6.0373294453294619,0,-3.8430048007822175,0,-6.7749206469807381
169,661.44814090019599,11027.829678093207,-0.54491391173133141,0,-3.8592443334404289,0,-6.8558145053293957
170,665.36203522504923,10853.587414276195,6.0455361988248182,0,-3.8751707193877731,0,-6.9371884459234465
171,669.27592954990246,10671.262580010867,-0.51710928134968426,0,-3.8921119937751092,0,-7.019042468762887
172,673.18982387475569,10492.043637294666,-8.9091885429561319,0,-3.9090491608886238,0,-7.1013765738477224
173,677.10371819960892,10337.670481725894,2.741772942747807,0,-3.9238718301907349,0,-7.184190761177951
174,681.01761252446215,10160.3918631787,-13.185351508949628,0,-3.941169371369202,0,-7.267485030753571
175,684.93150684931538,10031.574266337846,14.803719929101188,0,-3.9539288365622052,0,-7.3512593825745842
176,688.84540117416861,9863.8013677486306,-0.5817710321846763,0,-3.9707947534165324,0,-7.4355138166409889
177,692.75929549902185,9711.5242444951273,-4.7673529569264268,0,-3.9863531352265809,0,-7.5202483329527885
178,696.67318982387508,9569.7393215797765,-2.6353472324475877,0,-4.0010604160167658,0,-7.6054629315099804
179,700.58708414872831,9429.9914782075957,-2.5217603937813786,0,-4.0157711890308532,0,-7.6911576123125656
180,704.50097847358154,9287.6526702629762,-8.937686217918337,0,-4.0309805338257618,0,-7.7773323753605403
181,708.41487279843477,9147.9714834713377,-16.51980009585651,0,-4.0461342230724648,0,-7.8639872206539101
182,712.328767123288,9030.3895562677644,-5.7140034217299291,0,-4.0590708752588975,0,-7.9511221481926722
183,716.24266144814123,8916.028996187697,4.7119092531556683,0,-4.0718157143158802,0,-8.0387371579768239
184,720.15655577299447,8794.2080173373852,4.1837914480096527,0,-4.0855730570455746,0,-8.1268322500063732
185,724.0704500978477,8656.2295151305007,-15.890385760536274,0,-4.1013871450845745,0,-8.2154074242813113
186,727.98434442270093,8558.559884174083,1.0581736323955542,0,-4.1127344438163176,0,-8.3044626808016435
187,731.89823874755416,8451.5998930400874,5.5298532905091768,0,-4.125310622084621,0,-8.3939980195673698
188,735.81213307240739,8347.8029429009475,10.074773288225494,0,-4.137667998356469,0,-8.4840134405784866
189,739.72602739726062,8241.7868279319609,9.4044463612421918,0,-4.1504492135230313,0,-8.5745089438349975
190,743.63992172211385,8122.1348684788427,-7.8071839333663027,0,-4.1650733475314334,0,-8.6654845293368989
191,747.55381604696709,8017.5528155304,-12.766921405464895,0,-4.1780331418917154,0,-8.7569401970841927
192,751.46771037182032,7940.0947168106268,6.6634814893192864,0,-4.1877411777290252,0,-8.8488759470768823
193,755.38160469667355,7824.8551204839559,-14.340522084310617,0,-4.2023611606855811,0,-8.9412917793149642
194,759.29549902152678,7745.6590809200534,-1.8762967818478924,0,-4.2125338141369904,0,-9.0341876937984349
195,763.20939334638001,7655.7672671135779,-2.6089237037629371,0,-4.2242071270550348,0,-9.1275636905272997
196,767.12328767123324,7569.5849473431381,-2.0621990955060805,0,-4.2355281446605106,0,-9.2214197695015585
197,771.03718199608647,7485.5085040386784,-1.7720780533318918,0,-4.2466974300109355,0,-9.3157559307212097
198,774.95107632093971,7395.3284680238266,-9.8835734092281768,0,-4.2588178692272676,0,-9.4105721741862549
199,778.86497064579294,7317.2924653064338,-8.087716411152913,0,-4.2694260042249272,0,-9.5058684998966907
200,782.77886497064617,7246.26492867859,-1.4617271767630626,0,-4.2791802281228843,0,-9.6016449078525206
201,786.6927592954994,7162.2252435057417,-9.9707262270960779,0,-4.2908456610992349,0,-9.697901398053741
202,790.60665362035263,7084.1672174259402,-14.56809849829224,0,-4.3018040573998988,0,-9.7946379705003572
203,794.52054794520586,7044.2094731847837,16.915087859270578,0,-4.3074604539772068,0,-9.891854625192364
204,798.43444227005909,6957.0735281353036,-0.75163050056077652,0,-4.3199074661577788,0,-9.9895513621297596
205,802.34833659491233,6902.8108581317865,12.52917816182693,0,-4.3277376825922493,0,-10.087728181312553
206,806.26223091976556,6833.3981577216446,8.7783425151683563,0,-4.3378442980591601,0,-10.186385082740737
207,810.17612524461879,6731.0362558205452,-29.760742138022916,0,-4.3529372745778216,0,-10.285522066414316
208,814.09001956947202,6711.3357605990805,12.563794312147561,0,-4.3558683806805156,0,-10.385139132333284
209,818.00391389432525,6623.5627574339342,-14.941736026687115,0,-4.3690329759234832,0,-10.485236280497647
210,821.91780821917848,6571.1298849148516,-8.8252312897178946,0,-4.3769805878810377,0,-10.585813510907405
211,825.83170254403171,6528.0338175559082,4.9489536053883203,0,-4.3835605839524767,0,-10.686870823562554
212,829.74559686888495,6458.6305472116856,-9.224445421135167,0,-4.3942490762604409,0,-10.788408218463088
213,833.65949119373818,6421.6493225603836,7.4225960223321472,0,-4.3999913934529289,0,-10.890425695609022
214,837.57338551859141,6357.4438893111255,-4.7171223210303186,0,-4.4100399896157372,0,-10.992923255000349
215,841.48727984344464,6325.4437436504249,13.825460001580549,0,-4.4150861927346954,0,-11.095900896637069
216,845.40117416829787,6279.6370856530993,17.07883161923743,0,-4.4223541920847449,0,-11.199358620519179
217,849.3150684931511,6192.055148150379,-22.884568452184272,0,-4.4363993393834669,0,-11.303296426646682
218,853.22896281800433,6175.7528515506528,7.0324740632665446,0,-4.4390355876243195,0,-11.407714315019579
219,857.14285714285757,6123.3359019370182,-0.52080869636022331,0,-4.4475593519494199,0,-11.51261228563787
220,861.0567514677108,6065.7451985746147,-14.558642171548271,0,-4.4570089784529774,0,-11.617990338501551
221,864.97064579256403,6017.4231944900121,-20.592260726654352,0,-4.4650072550835329,0,-11.723848473610621
222,868.88454011741726,5992.7635999723325,-4.1801461719941919,0,-4.4691137073132072,0,-11.830186690965089
223,872.79843444227049,5945.4364361234384,-11.602947038826567,0,-4.4770424422380835,0,-11.937004990564949
224,876.71232876712372,5909.2904134336013,-8.9611039083052635,0,-4.4831406231855544,0,-12.044303372410202
225,880.62622309197695,5874.6892862936866,-5.8385297315840265,0,-4.4890132107940071,0,-12.152081836500848
226,884.54011741683018,5837.4672508714439,-6.3472771380870388,0,-4.4953693691360765,0,-12.26034038283688
227,888.45401174168342,5789.546414411665,-18.51016368373929,0,-4.503612432949911,0,-12.369079011418311
228,892.36790606653665,5766.7854221283314,-6.4122674869735743,0,-4.5075515759300266,0,-12.478297722245134
229,896.28180039138988,5740.0669516461885,0.88641846085350295,0,-4.5121955076729581,0,-12.58799651531735
230,900.19569471624311,5697.1898081181007,-8.7570914640102853,0,-4.5196933448378012,0,-12.698175390634956
231,904.10958904109634,5682.3375034390601,8.8996091029255258,0,-4.5223037016137875,0,-12.808834348197957
232,908.02348336594957,5644.1694078232331,2.5752564606077244,0,-4.5290433328856974,0,-12.919973388006351
233,911.9373776908028,5592.1859742940023,-18.170088428025515,0,-4.5382961204021148,0,-13.031592510060138
234,915.85127201565604,5566.6297988363713,-13.034222582611024,0,-4.5428765742171251,0,-13.143691714359317
235,919.76516634050927,5554.6143622329655,5.1556882210200952,0,-4.5450373830447139,0,-13.256271000903883
236,923.6790606653625,5535.3437524421042,15.662572723115108,0,-4.5485127125251905,0,-13.369330369693847
237,927.59295499021573,5490.7956850739774,0.52221240729035545,0,-4.5565932034377195,0,-13.482869820729205
238,931.50684931506896,5474.6777468989976,13.499222957777411,0,-4.5595329670298437,0,-13.596889354009955
239,935.42074363992219,5429.3717933663556,-2.9688067943868894,0,-4.5678429465626396,0,-13.71138896953609
240,939.33463796477542,5397.1207341840136,-6.5847812105249082,0,-4.5738007679896375,0,-13.826368667307628
241,943.24853228962866,5380.1601733686284,4.9392999625391143,0,-4.5769482362541476,0,-13.941828447324555
242,947.16242661448189,5326.157450221026,-20.678847168138553,0,-4.5870363324665213,0,-14.057768309586876
243,951.07632093933512,5327.2483384583575,8.744693862567857,0,-4.5868315363172361,0,-14.174188254094586
244,954.99021526418835,5276.8416616040267,-13.335541914020501,0,-4.5963386333939891,0,-14.291088280847688
245,958.90410958904158,5267.9919021070091,6.1780305302524896,0,-4.5980171352918715,0,-14.408468389846188
246,962.81800391389481,5216.7597846405242,-16.613526944138112,0,-4.6077899037366903,0,-14.526328581090077
247,966.73189823874804,5221.8403044336719,17.022218849667055,0,-4.6068164934803422,0,-14.644668854579365
248,970.64579256360128,5170.706724254007,-5.4070407489754322,0,-4.6166570056603558,0,-14.763489210314033
249,974.55968688845451,5166.6807709827708,19.451754557091331,0,-4.6174359168652686,0,-14.882789648294104
250,978.47358121330774,5120.1913809943262,2.055718371142309,0,-4.6264745645329768,0,-15.00257016851956
251,982.38747553816097,5101.8838951020834,13.07517626435531,0,-4.6300565192676313,0,-15.122830770990419
252,986.3013698630142,5047.4888416213389,-11.737563028568889,0,-4.6407755214581812,0,-15.243571455706656
253,990.21526418786743,5032.0351018034116,2.6649697251628615,0,-4.6438418868963582,0,-15.364792222668299
254,994.12915851272066,5022.75437472453,23.52990386384824,0,-4.6456879185285755,0,-15.486493071875325
255,998.0430528375739,4955.7184869392031,-13.05860520381318,0,-4.6591242223066223,0,-15.608674003327755
256,1001.9569471624271,4934.8605095583443,-3.1581824870982129,0,-4.6633419750406553,0,-15.731335017025575
257,1005.8708414872804,4901.6880548722638,-5.2548419214348936,0,-4.6700867352021884,0,-15.854476112968774
258,1009.7847358121336,4869.3487633317554,-6.1973879491064743,0,-4.6767061779954986,0,-15.978097291157379
259,1013.6986301369868,4839.1921491144331,-4.6354439552711542,0,-4.6829185865289675,0,-16.102198551591371
260,1017.6125244618401,4811.0706199838187,-0.71829396737465401,0,-4.688746740519103,0,-16.226779894270763
261,1021.5264187866933,4769.6629649442639,-9.7712462973771981,0,-4.6973907368267467,0,-16.351841319195533
262,1025.4403131115464,4755.4111961567769,8.6413651272712606,0,-4.7003832131438275,0,-16.477382826365709
263,1029.3542074363995,4708.0327078761275,-5.7714976979940849,0,-4.7103962453149757,0,-16.60340441578127
264,1033.2681017612526,4687.9966650194347,7.4489780072167546,0,-4.7146610410984477,0,-16.72990608744222
265,1037.1819960861058,4656.1333265198446,9.1209470711674552,0,-4.7214810365461872,0,-16.856887841348566
266,1041.0958904109589,4608.1386729737915,-5.073298421761951,0,-4.731842365084165,0,-16.984349677500308
267,1045.009784735812,4604.6079065584909,25.446336175565104,0,-4.7326088610596448,0,-17.112291595897435
268,1048.9236790606651,4539.533376128993,-5.3441652696510449,0,-4.7468421558036242,0,-17.240713596539955
269,1052.8375733855182,4503.5200230958571,-6.8573275311662849,0,-4.7548070636357256,0,-17.369615679427874
270,1056.7514677103713,4472.5450160629389,-3.1343996884700749,0,-4.7617087805578278,0,-17.498997844561178
271,1060.6653620352245,4437.7152236799138,-3.0877401883962605,0,-4.7695267272499073,0,-17.628860091939885
272,1064.5792563600776,4412.8514457100273,7.0835478751560093,0,-4.7751453151455845,0,-17.759202421563984
273,1068.4931506849307,4380.5269593291823,9.9322876868170571,0,-4.7824973544854936,0,-17.890024833433465
274,1072.4070450097838,4340.4100054691471,5.1058302898787131,0,-4.7916975670298312,0,-18.021327327548345
275,1076.3209393346369,4282.190845959929,-17.726782565497572,0,-4.8052016234612056,0,-18.153109903908621
276,1080.2348336594901,4251.7927672361311,-12.663718467877667,0,-4.8123256604092131,0,-18.285372562514279
277,1084.1487279843432,4238.7848479770219,9.8425003580210699,0,-4.815389746276117,0,-18.41811530336534
278,1088.0626223091963,4204.3405348716633,10.943651148920789,0,-4.8235489296660656,0,-18.55133812646179
279,1091.9765166340494,4154.7876463162947,-3.054115479074615,0,-4.8354050629713639,0,-18.685041031803625
280,1095.8904109589025,4110.2731807422078,-12.025404336860523,0,-4.8461768883531082,0,-18.819224019390862
281,1099.8043052837556,4090.8381264732557,4.0492905776998747,0,-4.8509165120268696,0,-18.953887089223489
282,1103.7181996086088,4039.1215041879682,-12.212320600909596,0,-4.8636391631171936,0,-19.089030241301511
283,1107.6320939334619,4024.3226155734642,8.3679713979219255,0,-4.8673097795462716,0,-19.22465347562493
284,1111.545988258315,3980.5187852660547,-0.15334018898662194,0,-4.8782542231276924,0,-19.360756792193733
285,1115.4598825831681,3939.9577839390422,-5.5490145921631138,0,-4.8884963734701117,0,-19.497340191007925
286,1119.3737769080212,3922.5308876756244,12.052034953934951,0,-4.8929293019051263,0,-19.634403672067517
287,1123.2876712328743,3884.3152547511031,8.7071566654382728,0,-4.9027196673044671,0,-19.771947235372505
288,1127.2015655577275,3825.956206360931,-14.957719917155199,0,-4.9178579573586161,0,-19.909970880922881
289,1131.1154598825806,3810.4535836758873,4.0383135357865934,0,-4.9219181491000787,0,-20.048474608718642
290,1135.0293542074337,3779.7374689591702,7.6069076031940011,0,-4.930011827423022,0,-20.187458418759807
291,1138.9432485322868,3731.9356173558895,-6.1420682901278498,0,-4.9427393506623343,0,-20.32692231104636
292,1142.8571428571399,3706.9659633991082,2.6920282825671,0,-4.9494526395703424,0,-20.466866285578309
293,1146.7710371819931,3692.1683851413704,21.432427590254306,0,-4.9534524582758825,0,-20.607290342355647
294,1150.6849315068462,3653.1901849320147,15.710482336237533,0,-4.9640655728587442,0,-20.748194481378373
295,1154.5988258316993,3612.8260757356597,8.3057107725641668,0,-4.9751760694417708,0,-20.889578702646499
296,1158.5127201565524,3572.9456734261034,1.0733484767452408,0,-4.9862760078111883,0,-21.031443006160014
297,1162.4266144814055,3535.0617712929875,-4.4873154320180024,0,-4.9969356085915377,0,-21.173787391918928
298,1166.3405088062586,3509.6298358475033,2.0666208335276743,0,-5.004155809942282,0,-21.316611859923224
299,1170.2544031311118,3482.1023923254857,6.1761214043412895,0,-5.0120301348906908,0,-21.459916410172919
300,1174.1682974559649,3443.6058244146607,-1.0429233805930469,0,-5.0231472548122804,0,-21.603701042668007
301,1178.082191780818,3413.5505446021712,-0.18946352099459512,0,-5.0319134169537891,0,-21.74796575740849
302,1181.9960861056711,3378.729618265796,-4.4786042737351197,0,-5.0421665957257096,0,-21.892710554394363
303,1185.9099804305242,3365.817730477002,12.757418377136693,0,-5.0459954378689122,0,-22.037935433625631
304,1189.8238747553773,3321.9768055391728,-1.325089465503102,0,-5.0591063528968494,0,-22.18364039510228
305,1193.7377690802305,3293.5973681174714,-0.33987085739536638,0,-5.0676859896029383,0,-22.329825438824333
306,1197.6516634050836,3264.8168605267642,-0.15235993853158278,0,-5.076462712553349,0,-22.476490564791774
307,1201.5655577299367,3237.4422756232348,1.0429837609312109,0,-5.0848827850428906,0,-22.623635773004604
308,1205.4794520547898,3202.9197282269656,-5.3077295171312544,0,-5.095603573107268,0,-22.771261063462834
309,1209.3933463796429,3185.1379586062149,4.6856974159615579,0,-5.1011707787962202,0,-22.919366436166456
310,1213.3072407044961,3157.2258925754159,4.155111565219892,0,-5.1099726220479909,0,-23.067951891115463
311,1217.2211350293492,3141.8280363575323,15.749395735716247,0,-5.1148615742815702,0,-23.217017428309877
312,1221.1350293542023,3111.5985981897165,12.12856903563903,0,-5.1245297691469682,0,-23.366563047749679
313,1225.0489236790554,3083.5700174422996,10.33228226991813,0,-5.1335783596624074,0,-23.516588749434863
314,1228.9628180039085,3037.9361727341407,-9.4370205037264316,0,-5.1484879876666563,0,-23.667094533365447
315,1232.8767123287616,3030.3683033093703,8.5017599952894312,0,-5.1509822176045477,0,-23.818080399541422
316,1236.7906066536148,2993.2239272069974,-3.4827756227349522,0,-5.1633153389390802,0,-23.969546347962787
317,1240.7045009784679,2969.5968930174226,-2.2845579834206728,0,-5.1712401646400608,0,-24.121492378629547
318,1244.618395303321,2957.9394615295018,10.561936720918034,0,-5.1751734839214576,0,-24.273918491541703
319,1248.5322896281741,2914.7575342409577,-8.4231915916886333,0,-5.1898797442913889,0,-24.426824686699245
320,1252.4461839530272,2895.7334114327741,-3.5426255131501638,0,-5.1964279657633012,0,-24.580210964102193
321,1256.3600782778803,2877.97762134704,2.3298736446498483,0,-5.2025785493167707,0,-24.73407732375053
322,1260.2739726027335,2852.4571776176472,0.17759053069275246,0,-5.2114855915735525,0,-24.888423765644244
323,1264.1878669275866,2840.1169049475457,10.962042791323546,0,-5.2158211669464301,0,-25.043250289783362
324,1268.1017612524397,2828.2503271742562,21.993726194286648,0,-5.2200081204810225,0,-25.198556896167872
325,1272.0156555772928,2785.0689200629176,1.5012218630989227,0,-5.2353937620324578,0,-25.354343584797768
326,1275.9295499021459,2768.4413995520995,7.3703380970605998,0,-5.2413818917879551,0,-25.510610355673066
327,1279.8434442269991,2752.3873430186995,13.637586131293421,0,-5.2471977221760486,0,-25.667357208793753
328,1283.7573385518522,2713.3555730547873,-3.2315788740507614,0,-5.2614802942159802,0,-25.824584144159829
329,1287.6712328767053,2680.9393401051457,-13.62771349183995,0,-5.2734991488350573,0,-25.9822911617713
330,1291.5851272015584,2683.0833882123366,10.409547636726877,0,-5.2726997308124401,0,-26.140478261628175
331,1295.4990215264115,2658.2922008274745,7.3996133897587058,0,-5.2819824951461332,0,-26.299145443730428
332,1299.4129158512646,2625.4643136930063,-3.7448657851234914,0,-5.2944086201774923,0,-26.458292708078076
333,1303.3268101761178,2598.2997759886966,-9.3106407694696127,0,-5.3048090831778634,0,-26.617920054671124
334,1307.2407045009709,2575.8256651794563,-10.258440945050074,0,-5.3134962525950913,0,-26.778027483509554
335,1311.154598825824,2572.8701599790747,8.2510198330925881,0,-5.3146443124632095,0,-26.938614994593383
336,1315.0684931506771,2548.9634657563788,5.7579036440813383,0,-5.3239795894700608,0,-27.099682587922604
337,1318.9823874755302,2516.3752772043299,-5.4593392485841576,0,-5.3368468979892345,0,-27.261230263497207
338,1322.8962818003833,2500.8375500912543,0.3387659287464555,0,-5.3430406861822917,0,-27.423258021317217
339,1326.8101761252365,2479.0328174306733,-0.15898562133063715,0,-5.3517978908479149,0,-27.585765861382619
340,1330.7240704500896,2475.8571757347204,17.948502851926111,0,-5.3530797122950711,0,-27.74875378369341
341,1334.6379647749427,2458.0054557089388,21.359810030366795,0,-5.3603161512724951,0,-27.912221788249596
342,1338.5518590997958,2418.077914085995,2.6777123454690304,0,-5.376693407779304,0,-28.076169875051171
343,1342.4657534246489,2389.2287528734391,-4.9422592421676068,0,-5.3886957656633978,0,-28.240598044098132
344,1346.3796477495021,2383.3441377054055,10.386249228725566,0,-5.3911617806557679,0,-28.405506295390495
345,1350.2935420743552,2349.040413320321,-2.7213082470017778,0,-5.405659471978848,0,-28.570894628928254
346,1354.2074363992083,2329.049377578589,-1.5350319580397109,0,-5.4142061901157659,0,-28.736763044711392
347,1358.1213307240614,2287.644839482361,-21.783938157056113,0,-5.4321435480167182,0,-28.903111542739936
348,1362.0352250489145,2291.331650115967,3.033159215016128,0,-5.4305332268287065,0,-29.069940123013865
349,1365.9491193737676,2269.2756223798665,2.0776609394818562,0,-5.4402057105028527,0,-29.23724878553319
350,1369.8630136986208,2235.3669792422365,-10.765272970971724,0,-5.455260970870544,0,-29.405037530297911
351,1373.7769080234739,2204.3233110131873,-20.783667953118599,0,-5.4692458086167415,0,-29.573306357308024
352,1377.690802348327,2212.2204945994545,8.0922823974348166,0,-5.4656696221911822,0,-29.742055266563519
353,1381.6046966731801,2179.2393999750748,-3.9629809424386742,0,-5.4806904651587214,0,-29.911284258064416
354,1385.5185909980332,2172.5654904274661,10.229310603378686,0,-5.4837576590922055,0,-30.080993331810703
355,1389.4324853228864,2134.6143206173679,-6.92216104246019,0,-5.501380397705006,0,-30.251182487802385
356,1393.3463796477395,2127.4984266863894,6.6881705990719489,0,-5.5047195400340083,0,-30.421851726039453
357,1397.2602739725926,2099.0316213420419,-1.1328751787553462,0,-5.5181902763055328,0,-30.593001046521916
358,1401.1741682974457,2091.5575049091708,11.951348853751771,0,-5.5217573758864624,0,-30.764630449249776
359,1405.0880626222988,2063.0992951468511,3.9572016687779503,0,-5.5354570176221554,0,-30.936739934223031
360,1409.0019569471519,2030.8746484081862,-7.9043817202953157,0,-5.5511998204418198,0,-31.109329501441678
361,1412.9158512720051,2014.4366654621133,-4.0868526924820561,0,-5.5593267961650019,0,-31.2823991509057
362,1416.8297455968582,1995.1958303924696,-3.186090079505131,0,-5.5689241758641472,0,-31.455948882615132
363,1420.7436399217113,1986.3434185173205,7.9830160208567555,0,-5.5733709116156378,0,-31.629978696569953
364,1424.6575342465644,1950.0255866492391,-8.43934882859031,0,-5.5918238881381113,0,-31.80448859277017
365,1428.5714285714175,1935.8869318274549,-2.8143791964056102,0,-5.599100797819089,0,-31.979478571215772
366,1432.4853228962706,1922.3893812350877,3.3142150618926127,0,-5.6060975002634983,0,-32.15494863190677
367,1436.3992172211238,1902.3455784624525,2.7535603065996765,0,-5.6165787422206872,0,-32.330898774843163
368,1440.3131115459769,1883.0002292802378,2.7429215035572603,0,-5.6268000105479885,0,-32.507329000024939
369,1444.22700587083,1865.1601686071574,4.0837184341273716,0,-5.636319451287374,0,-32.684239307452124
370,1448.1409001956831,1829.7800014081008,-12.274890128254711,0,-5.6554706401694581,0,-32.861629697124698
371,1452.0547945205362,1793.1304275991836,-30.067742653352397,0,-5.6757034473434231,0,-33.039500169042647
372,1455.9686888453894,1794.6929369244767,-9.8190438844035182,0,-5.6748324404596797,0,-33.217850723206006
373,1459.8825831702425,1790.0828454109967,4.0806066712254081,0,-5.6774044808520863,0,-33.39668135961476
374,1463.7964774950956,1755.1539065141812,-12.521238325391366,0,-5.6971098328940322,0,-33.575992078268889
375,1467.7103718199487,1749.3658289929006,-0.17141786749096902,0,-5.700413043160216,0,-33.755782879168422
376,1471.6242661448018,1734.3960390670152,2.8005421309588892,0,-5.7090071334739463,0,-33.93605376231335
377,1475.5381604696549,1725.698891146903,11.841588116604502,0,-5.7140342592677209,0,-34.116804727703659
378,1479.4520547945081,1701.959523476469,5.6289506804281109,0,-5.7278861338590792,0,-34.298035775339365
379,1483.3659491193612,1664.1930034416705,-14.830744912571404,0,-5.7503260586680618,0,-34.47974690522048
380,1487.2798434442143,1664.6510982075558,2.7052675574175877,0,-5.7500508311387524,0,-34.661938117346971
381,1491.1937377690674,1658.9500366956772,13.843644473565069,0,-5.75348148775005,0,-34.844609411718864
382,1495.1076320939205,1640.5788149993612,12.063237580003811,0,-5.7646172664421904,0,-35.027760788336138
383,1499.0215264187736,1605.269668384745,-6.914420941233848,0,-5.7863746218324783,0,-35.211392247198802
384,1502.9354207436268,1592.8805389955928,-3.2426238919860229,0,-5.794122345084654,0,-35.395503788306868
385,1506.8493150684799,1603.8705897262876,23.526065739164892,0,-5.787246555518494,0,-35.580095411660331
386,1510.763209393333,1560.6569202801595,-4.203414196524899,0,-5.8145595466200062,0,-35.765167117259175
387,1514.6771037181861,1538.6753531542145,-11.007770279899312,0,-5.8287444960003363,0,-35.950718905103422
388,1518.5909980430392,1535.1461510868796,0.32044591031793856,0,-5.8310407930450729,0,-36.136750775193065
389,1522.5048923678924,1519.4590448424694,-0.8420399764218206,0,-5.8413120020235167,0,-36.323262727528089
390,1526.4187866927455,1504.6801247347814,-1.4422276780143004,0,-5.8510860480800808,0,-36.510254762108502
391,1530.3326810175986,1479.7650552070211,-12.537511726761142,0,-5.8677830532935422,0,-36.697726878934326
392,1534.2465753424517,1480.8201713926926,1.9655397953076073,0,-5.8670702778457269,0,-36.885679078005523
393,1538.1604696673048,1489.1322541130553,23.341091936201657,0,-5.8614728114677748,0,-37.074111359322124
394,1542.0743639921579,1446.8143047239564,-6.310045436250328,0,-5.8903022737925621,0,-37.263023722884128
395,1545.9882583170111,1457.6784897511693,16.812667031673698,0,-5.882821287290672,0,-37.452416168691492
396,1549.9021526418642,1422.9811240263725,-6.0453775433156007,0,-5.9069123278812379,0,-37.642288696744281
397,1553.8160469667173,1424.5196031189244,6.9031402540204398,0,-5.9058317457218816,0,-37.832641307042444
398,1557.7299412915704,1419.9559521030303,13.31115178928621,0,-5.9090405304999702,0,-38.02347399958601
399,1561.6438356164235,1411.7044920739727,15.584998379406409,0,-5.9148685480517385,0,-38.21478677437495
400,1565.5577299412766,1379.0885974373223,-6.9586874751521721,0,-5.9382435376411227,0,-38.406579631409315
401,1569.4716242661298,1369.731318461703,-6.702245204060743,0,-5.9450517792910311,0,-38.598852570689047
402,1573.3855185909829,1366.7568827152145,-0.52538196357082045,0,-5.9472256873799534,0,-38.791605592214182
403,1577.299412915836,1345.0068639803417,-13.588914334577387,0,-5.9632672656143777,0,-38.98483869598472
404,1581.2133072406891,1358.6210349651824,8.2461587583585416,0,-5.9531961415066945,0,-39.178551882000612
405,1585.1272015655422,1339.5219320233816,-3.0967213134557179,0,-5.9673535988267163,0,-39.372745150261935
406,1589.0410958903954,1334.1850830061355,-1.1394047633358175,0,-5.9713457012335782,0,-39.567418500768632
407,1592.9549902152485,1347.3674429311368,18.879423946382111,0,-5.9615137356170012,0,-39.762571933520725
408,1596.8688845401016,1310.6759612258568,-11.427184264511354,0,-5.9891233769201424,0,-39.958205448518207
409,1600.7827788649547,1319.3953105876935,3.2332684832931342,0,-5.9824928483865758,0,-40.154319045761099
410,1604.6966731898078,1327.7605320793132,17.105335071902637,0,-5.9761726694214659,0,-40.350912725249366
411,1608.6105675146609,1292.0664534154878,-13.505014946494633,0,-6.0034235434164556,0,-40.547986486983035
412,1612.5244618395141,1309.5488692455581,8.6507092452891108,0,-5.9899836787054754,0,-40.745540330962108
413,1616.4383561643672,1290.0099669132437,-6.6111484730143779,0,-6.0050164373531976,0,-40.943574257186533
414,1620.3522504892203,1281.9451576522181,-10.779671123500362,0,-6.0112878031452448,0,-41.14208826565639
415,1624.2661448140734,1286.1692168519864,-3.0233553766204464,0,-6.0079981809609952,0,-41.341082356371615
416,1628.1800391389265,1285.4931610030994,-0.5133758754438692,0,-6.008523954383107,0,-41.54055652933225
417,1632.0939334637796,1292.0926826755531,8.9446960374810516,0,-6.0034032433817561,0,-41.740510784538259
418,1636.0078277886328,1291.1477488401813,10.550326521260317,0,-6.0041348314027463,0,-41.940945121989685
419,1639.9217221134859,1282.3769860738378,4.0422320962910918,0,-6.0109510058151914,0,-42.141859541686486
420,1643.835616438339,1268.9255928274574,-7.4138863331836387,0,-6.0214958294668151,0,-42.34325404362869
421,1647.7495107631921,1284.3449310491355,9.7540664241821933,0,-6.0094175749064593,0,-42.545128627816268
422,1651.6634050880452,1275.6226806717118,2.554551628697304,0,-6.0162319455956883,0,-42.747483294249264
423,1655.5772994128984,1267.1371117650137,-4.6135124162194332,0,-6.022906268850428,0,-42.950318042927641
424,1659.4911937377515,1282.7554916872296,12.137479635339307,0,-6.0106558899726998,0,-43.153632873851407
425,1663.4050880626046,1273.2942102698667,3.6437746775601942,0,-6.0180589734268652,0,-43.357427787020569
426,1667.3189823874577,1273.555249522472,4.726569006474767,0,-6.0178539834911504,0,-43.561702782435113
427,1671.2328767123108,1276.4946140976931,8.3602879894502724,0,-6.0155486435690193,0,-43.766457860095073
428,1675.1467710371639,1278.6437375393537,11.09385464011485,0,-6.0138664458539086,0,-43.971693020000409
429,1679.0606653620171,1255.5283403251631,-11.530575017503535,0,-6.0321099096863309,0,-44.17740826215114
430,1682.9745596868702,1260.4164329368839,-6.2297149134092233,0,-6.0282242132958848,0,-44.383603586547252
431,1686.8884540117233,1272.9837083579662,6.68615557694367,0,-6.0183028603263811,0,-44.590278993188782
432,1690.8023483365764,1274.1294171960894,8.1289979434748467,0,-6.0174032466391072,0,-44.797434482075701
433,1694.7162426614295,1284.1312481261391,18.387846194819431,0,-6.0095839637756434,0,-45.005070053207994
434,1698.6301369862827,1270.8443565418299,5.3278072881061558,0,-6.019984854758337,0,-45.213185706585691
435,1702.5440313111358,1258.8627518005189,-6.4485590426710706,0,-6.0294576465277014,0,-45.421781442208768
436,1706.4579256359889,1274.947168790686,9.8266445977663768,0,-6.0167616404769815,0,-45.630857260077264
437,1710.371819960842,1274.4686958789741,9.5303148817483514,0,-6.0171369993377777,0,-45.840413160191126
438,1714.2857142856951,1257.3161726476076,-7.4442011659405152,0,-6.0306869544538193,0,-46.050449142550391
439,1718.1996086105482,1276.5929851076278,12.009761078217512,0,-6.0154715831422525,0,-46.260965207155046
440,1722.1135029354014,1272.1619155706246,7.7571231883142824,0,-6.0189486330540198,0,-46.47196135400511
441,1726.0273972602545,1262.5168348557572,-1.7071386796730794,0,-6.0265591653685799,0,-46.683437583100527
442,1729.9412915851076,1256.5165561731255,-7.5240202695891858,0,-6.0313231276504551,0,-46.895393894441384
443,1733.8551859099607,1268.6134987602281,4.7583063209786332,0,-6.021741811150279,0,-47.107830288027614
444,1737.7690802348138,1242.9924557489721,-20.676597417000231,0,-6.0421446388655147,0,-47.320746763859226
445,1741.6829745596669,1249.4853097277874,-13.998570848451637,0,-6.036934667683048,0,-47.534143321936249
446,1745.5968688845201,1247.3300661129047,-15.971665263800199,0,-6.0386610621702292,0,-47.748019962258653
447,1749.5107632093732,1270.3268195744581,7.2019812523069451,0,-6.0203921763739698,0,-47.962376684826452
448,1753.4246575342263,1267.1908658420803,4.2354150273499753,0,-6.0228638480765193,0,-48.177213489639634
449,1757.3385518590794,1282.5302343937306,19.734557142683215,0,-6.0108315096253468,0,-48.392530376698232
450,1761.2524461839325,1264.9039935994183,2.2566620833200917,0,-6.0246701570747199,0,-48.608327346002191
451,1765.1663405087857,1263.176254701063,0.66446875736977151,0,-6.0260369959387186,0,-48.824604397551575
452,1769.0802348336388,1263.7419162774181,1.3520833298889738,0,-6.0255892872694785,0,-49.041361531346347
453,1772.9941291584919,1248.1374358245587,-14.144121556085278,0,-6.038013993242906,0,-49.258598747386479
454,1776.908023483345,1257.2721961671659,-4.9140253368651647,0,-6.030721931534754,0,-49.476316045672043
455,1780.8219178081981,1276.5464827068911,14.444318465281007,0,-6.0155080107650507,0,-49.694513426202974
456,1784.7358121330512,1269.38975795388,7.3630417818219165,0,-6.0211301025436779,0,-49.913190888979308
457,1788.6497064579044,1267.4401918234626,5.4840603616551284,0,-6.022667112554454,0,-50.132348434001017
458,1792.5636007827575,1264.6313086224882,2.7457709406504232,0,-6.024885757922628,0,-50.35198606126815
459,1796.4774951076106,1252.8651535723502,-8.9437506061383534,0,-6.0342333307205234,0,-50.572103770780657
460,1800.3913894324637,1277.2548117403862,15.535782352034959,0,-6.0149532854986809,0,-50.792701562538561
461,1804.3052837573168,1265.0383768165311,3.4308296092472035,0,-6.0245639228625807,0,-51.013779436541874
462,1808.2191780821699,1264.177895600619,2.71294335902392,0,-6.025244355974209,0,-51.235337392790534
463,1812.1330724070231,1243.1165952344995,-18.164048265093921,0,-6.0420447723809119,0,-51.457375431284632
464,1816.0469667318762,1245.2343962676684,-15.808589549380025,0,-6.0403425996956734,0,-51.679893552024097
465,1819.9608610567293,1269.2186693728011,8.4792813087364109,0,-6.0212648918081397,0,-51.902891755008966
466,1823.8747553815824,1256.8373220309074,-3.5190749200583764,0,-6.0310678783898508,0,-52.126370040239209
467,1827.7886497064355,1266.8990208472808,7.0192158033872163,0,-6.0230941832336287,0,-52.350328407714876
468,1831.7025440312887,1248.4076806964279,-10.887090720466585,0,-6.0377974981584499,0,-52.574766857435911
469,1835.6164383561418,1236.5774172968456,-22.008535915505615,0,-6.0473189659411037,0,-52.799685389402349
470,1839.5303326809949,1254.8723323393701,-2.8653139139659412,0,-6.0326325417967093,0,-53.025084003614168
471,1843.444227005848,1269.4384400594679,12.704507304141151,0,-6.0210917524846765,0,-53.250962700071391
472,1847.3581213307011,1239.7663235540977,-15.792510564977654,0,-6.0447434688747128,0,-53.477321478774023
473,1851.2720156555542,1240.617443567555,-13.579023185211508,0,-6.0440571879385576,0,-53.704160339722016
474,1855.1859099804074,1259.4751103360591,6.843911467290738,0,-6.0289713269144238,0,-53.931479282915419
475,1859.0998043052605,1238.3322239394063,-12.51558229042649,0,-6.0459008883617127,0,-54.159278308354203
476,1863.0136986301136,1253.9727989937312,5.1411741165516585,0,-6.0333496314033583,0,-54.387557416038398
477,1866.9275929549667,1259.9630670859597,13.394368126127107,0,-6.0285839732890203,0,-54.616316605967967
478,1870.8414872798198,1259.5557935546869,15.509871657936072,0,-6.0289072679792746,0,-54.845555878142946
479,1874.7553816046729,1242.0001043034167,0.74893506391674258,0,-6.0429433144947762,0,-55.075275232563293
480,1878.6692759295261,1233.8957678998613,-4.2776538600240617,0,-6.049489926926463,0,-55.305474669229042
481,1882.5831702543792,1232.414462346449,-2.3884151147785371,0,-6.0506911592072745,0,-55.536154188140195
482,1886.4970645792323,1251.5848626661536,20.453811265357601,0,-6.0352557436330772,0,-55.767313789296736
483,1890.4109589040854,1221.3953803043014,-5.7554821055662391,0,-6.0596724224820022,0,-55.99895347269868
484,1894.3248532289385,1200.3828526756117,-22.473853329557283,0,-6.0770258321796504,0,-56.231073238345999
485,1898.2387475537917,1221.8669393380644,3.6224263434784669,0,-6.059286414777608,0,-56.463673086238721
486,1902.1526418786448,1207.3372784793739,-5.9745150114256482,0,-6.071249043545782,0,-56.69675301637681
487,1906.0665362034979,1200.91465557997,-7.1430106724190967,0,-6.0765829025457965,0,-56.930313028760338
488,1909.980430528351,1190.0925259431242,-12.390347528051587,0,-6.0856353249920465,0,-57.164353123389219
489,1913.8943248532041,1190.3707207580817,-6.2190605560793433,0,-6.085401593329431,0,-57.398873300263503
490,1917.8082191780572,1196.0482572944734,5.665890590571979,0,-6.0806433783633995,0,-57.633873559383211
491,1921.7221135029104,1167.5679023034545,-16.298288678702548,0,-6.1047435126853795,0,-57.869353900748266
492,1925.6360078277635,1182.3437595827318,5.2953983392103137,0,-6.0921676765346477,0,-58.10531432435873
493,1929.5499021526166,1169.1589409048238,-0.77853934449766171,0,-6.1033817456034773,0,-58.341754830214597
494,1933.4637964774697,1155.0852880887519,-7.4582978442474079,0,-6.1154921982376491,0,-58.578675418315854
495,1937.3776908023228,1164.0720304753502,9.1939488869888297,0,-6.1077421527399478,0,-58.816076088662477
496,1941.2915851271759,1149.5102985058186,2.5566406177820418,0,-6.1203303576875809,0,-59.053956841254539
497,1945.2054794520291,1146.9707276070551,8.1865196920411751,0,-6.1225420649955105,0,-59.29231767609194
498,1949.1193737768822,1129.7473697641954,-0.63736663550993622,0,-6.137672340837109,0,-59.531158593174773
499,1953.0332681017353,1116.4576876077101,-5.3135767393289406,0,-6.1495054877572235,0,-59.77047959250298
500,1956.9471624265884,1118.8646598698813,5.903929664976526,0,-6.1473519073618377,0,-60.01028067407659
501,1960.8610567514415,1108.7682996885969,4.7974110094203342,0,-6.1564166226883961,0,-60.250561837895596
502,1964.7749510762947,1094.5734459295113,-0.24676229969112531,0,-6.1693016417073192,0,-60.49132308395999
503,1968.6888454011478,1086.8941249976194,1.3663567969446755,0,-6.1763421796971363,0,-60.732564412269781
504,1972.6027397260009,1065.9139545741157,-10.199201880213909,0,-6.1958337775360288,0,-60.974285822824925
505,1976.516634050854,1056.3049666137726,-10.291401634029757,0,-6.204889444253368,0,-61.216487315625521
506,1980.4305283757071,1072.7694132434287,15.771706228954818,0,-6.1894228405525862,0,-61.459168890671471
507,1984.3444227005602,1047.4618123537318,0.12412478539739932,0,-6.2132964658235377,0,-61.702330547962823
508,1988.2583170254134,1052.0661877004375,14.429245554530912,0,-6.2089103535848267,0,-61.945972287499572
509,1992.1722113502665,1041.3887101547932,13.472580574456805,0,-6.2191112613250707,0,-62.190094109281716
510,1996.0861056751196,1017.4084461303891,-0.78740166014918389,0,-6.2424077269330605,0,-62.434696013309249
511,1999.9999999999727,988.4501598855403,-20.046389776645505,0,-6.2712834395726738,0,-62.679777999582178
