Idx,Gradient,NMR_signal(mean),NMR_signal(noise),NMR_signal(std),SAT_lhs(mean),SAT_lhs(std),SAT_rhs
0,0,667399.37999136711,-9.2268591023130657,0,0,0,-0
1,3.9138943248532287,667022.81754389126,7.8532750573251908,0,-0.00056438278404967619,0,-0.00033512210933899888
2,7.8277886497064575,665850.55256503634,15.015425916671001,0,-0.0023233875138352622,0,-0.0013404884373559955
3,11.741682974559687,663872.0267937032,-2.7905977454795403,0,-0.0052992371566780716,0,-0.0030160989840509909
4,15.655577299412915,661126.90822738502,-13.350391265215514,0,-0.0094428216100777562,0,-0.0053619537494239821
5,19.569471624266143,657646.79779173108,4.5708233165717642,0,-0.014720631590748937,0,-0.0083780527334749721
6,23.483365949119371,653389.34204785363,-4.5909966782748981,0,-0.021215449819466718,0,-0.012064395936203962
7,27.397260273972599,648431.90658693854,20.561127192216944,0,-0.02883164049027722,0,-0.016420983357610941
8,31.311154598825826,642699.29393574793,-13.792916850429588,0,-0.037711683539860208,0,-0.021447814997695928
9,35.225048923679054,636322.14965674758,1.836316231767221,0,-0.047683677608424478,0,-0.027144890856458909
10,39.138943248532286,629236.21913074923,-20.359398631262387,0,-0.058881904017797873,0,-0.033512210933899889
11,43.052837573385517,621559.62617608183,11.942841941944028,0,-0.071156791835962116,0,-0.040549775230018868
12,46.966731898238748,613201.92460984737,-19.588374380073187,0,-0.084694351699899792,0,-0.048257583744815855
13,50.88062622309198,604309.39404887613,1.5313585551032505,0,-0.099302328739239804,0,-0.05663563647829082
14,54.794520547945211,594834.98849656165,-3.2650376461046324,0,-0.11510460050118025,0,-0.065683933430443819
15,58.708414872798443,584843.17510997795,-2.5651005134560418,0,-0.13204490276799791,0,-0.075402474601274777
16,62.622309197651674,574377.74403656414,13.031739547092315,0,-0.15010136679688146,0,-0.085791259990783769
17,66.536203522504906,563435.26971398783,4.578954050465132,0,-0.16933618229163189,0,-0.09685028959897074
18,70.450097847358137,552095.72865562642,15.60724632208162,0,-0.18966718460686968,0,-0.10857956342583572
19,74.363992172211368,540322.56313418888,-27.603878038539953,0,-0.21122233696608403,0,-0.12097908147137869
20,78.2778864970646,528273.45491796604,-5.0448255272410316,0,-0.23377458064548329,0,-0.13404884373559967
21,82.191780821917831,515899.13234075805,-3.9632681201342201,0,-0.25747737091268913,0,-0.14778885021849861
22,86.105675146771063,503256.93478621502,-5.0976289541390951,0,-0.28228779289841111,0,-0.16219910092007561
23,90.019569471624294,490402.67916691367,9.3863825800086378,0,-0.30816178949090356,0,-0.17727959584033051
24,93.933463796477525,477326.65991437784,-7.9137043728635392,0,-0.33518755919733489,0,-0.19303033497926356
25,97.847358121330757,464111.47020871553,-11.633112652935424,0,-0.363263876433156,0,-0.20945131833687455
26,101.76125244618399,450793.15908602817,-2.3088748313017255,0,-0.39238003032848018,0,-0.2265425459131635
27,105.67514677103722,437400.10882011114,12.661371171539431,0,-0.42254028029459784,0,-0.2443040177081304
28,109.58904109589045,423928.97108658019,-4.8915802793649608,0,-0.45382271714925537,0,-0.26273573372177533
29,113.50293542074368,410464.59189098509,-3.8424515762134654,0,-0.48609896820476062,0,-0.2818376939540983
30,117.41682974559691,397025.18898831756,1.5346474511675252,0,-0.51938891031805923,0,-0.30160989840509922
31,121.33072407045015,383629.81415108091,-0.85573722774650018,0,-0.55371057535786194,0,-0.32205234707477826
32,125.24461839530338,370334.66805837472,15.486944888227407,0,-0.58898153224273386,0,-0.3431650399631353
33,129.15851272015661,357109.58532817959,-7.7668167468171445,0,-0.62534594094566442,0,-0.36494797707017013
34,133.07240704500984,344050.46745372209,-1.2684192332194686,0,-0.66260028299860052,0,-0.38740115839588318
35,136.98630136986307,331135.67501764873,-11.537333881802672,0,-0.70086045161930699,0,-0.41052458394027402
36,140.9001956947163,318413.44909467472,-13.491597020536856,0,-0.74003794462866923,0,-0.43431825370334304
37,144.81409001956953,305919.1114204902,6.7872389246777463,0,-0.78006791208094839,0,-0.45878216768509
38,148.72798434442277,293623.19452242088,0.20626288046405403,0,-0.82109134328882616,0,-0.48391632588551492
39,152.641878669276,281560.78460624476,-15.986262402474235,0,-0.86304028195013838,0,-0.50972072830461779
40,156.55577299412923,269801.05381076067,11.329179441838317,0,-0.90570378766368176,0,-0.53619537494239877
41,160.46966731898246,258258.67030391254,-17.459902004554838,0,-0.94942695659275167,0,-0.56334026579885776
42,164.38356164383569,247032.00979908017,-16.510320330900267,0,-0.99387071476616551,0,-0.59115540087399476
43,168.29745596868892,236118.83035773603,1.1180428453679678,0,-1.0390534405580756,0,-0.61964078016780966
44,172.21135029354215,225502.13859106685,9.2859829814859314,0,-1.0850589946538882,0,-0.64879640368030245
45,176.12524461839539,215190.84012245302,9.374908763767797,0,-1.1318633744307895,0,-0.67862227141147358
46,180.03913894324862,205204.89965969475,15.389180041697523,0,-1.1793796468303384,0,-0.7091183833613226
47,183.95303326810185,195520.25186439967,-1.1970910384340903,0,-1.2277246731662153,0,-0.74028473952984952
48,187.86692759295508,186172.92080351419,-7.3901143633745239,0,-1.2767127137596692,0,-0.77212133991705434
49,191.78082191780831,177170.5115538158,2.7410686110607241,0,-1.3262760263562248,0,-0.80462818452293716
50,195.69471624266154,168481.143727627,-3.0797376375798673,0,-1.3765648004563515,0,-0.83780527334749821
51,199.60861056751477,160125.843105726,-3.025001396432863,0,-1.4274286118254722,0,-0.87165260639073694
52,203.522504892368,152116.75693510944,16.968979680441073,0,-1.478740273615321,0,-0.906170183652654
53,207.43639921722124,144383.2795184585,-10.756524665391257,0,-1.530917210380021,0,-0.94135800513324885
54,211.35029354207447,136998.33759666298,-9.3821028154568822,0,-1.5834198459022069,0,-0.97721607083252204
55,215.2641878669277,129938.89001694144,2.8047207086929467,0,-1.636324374183691,0,-1.0137443807504731
56,219.17808219178093,123174.44287437746,0.84057058036128407,0,-1.6897870519473697,0,-1.0509429348871018
57,223.09197651663416,116728.3355818342,14.289500514183864,0,-1.743539320463851,0,-1.0888117332424085
58,227.00587084148739,110548.4940616032,-2.0848164799539632,0,-1.7979343523529838,0,-1.1273507758163936
59,230.91976516634062,104679.42855987026,3.5999814803598316,0,-1.8524860186024077,0,-1.1665600626090564
60,234.83365949119386,99078.138038330188,-3.8267388424032878,0,-1.9074798253889751,0,-1.2064395936203975
61,238.74755381604709,93743.347975751021,-17.423852551982993,0,-1.9628279299180049,0,-1.2469893688504161
62,242.66144814090032,88681.078551727071,-22.640009720481835,0,-2.0183420903633253,0,-1.288209388299113
63,246.57534246575355,83894.673492901566,-7.3509228698724289,0,-2.07382651224578,0,-1.3300996519664878
64,250.48923679060678,79343.873206867182,-2.8485825092201518,0,-2.1295974055981888,0,-1.3726601598525416
65,254.40313111546001,75023.921743015424,-4.7927086806416446,0,-2.185581618071768,0,-1.4158909119572722
66,258.31702544031322,70929.336552290348,-9.4953595345694524,0,-2.2417045157112865,0,-1.4597919082806805
67,262.23091976516645,67072.322407522457,4.4427288339196167,0,-2.2976171611918494,0,-1.5043631488227673
68,266.14481409001968,63411.934578086206,5.2491892370557132,0,-2.353736551041445,0,-1.5496046335835327
69,270.05870841487291,59948.789999847919,2.6491853816732096,0,-2.4098979395447242,0,-1.5955163625629754
70,273.97260273972614,56689.356364471641,12.116567085026603,0,-2.4658021626530418,0,-1.6420983357610961
71,277.88649706457937,53572.90477311139,-18.207412386676431,0,-2.5223452050255926,0,-1.6893505531778954
72,281.8003913894326,50683.474301116679,4.4204267894808398,0,-2.577788730530421,0,-1.7372730148133722
73,285.71428571428584,47931.426083090199,-1.1269973567543938,0,-2.6336172711420343,0,-1.785865720667527
74,289.62818003913907,45345.224533999026,1.9115403543985354,0,-2.6890837687569804,0,-1.83512867074036
75,293.5420743639923,42898.861262973638,-4.4097091052033663,0,-2.7445433557307379,0,-1.8850618650318711
76,297.45596868884553,40590.831991725958,-13.782467218796508,0,-2.7998464092293687,0,-1.9356653035420597
77,301.36986301369876,38442.038478089926,2.2446674801467075,0,-2.8542370245025293,0,-1.9869389862709261
78,305.28375733855199,36395.945778681766,-5.5864562282123291,0,-2.9089312485928129,0,-2.0388829132184711
79,309.19765166340522,34477.415690205446,-5.4173542847699174,0,-2.9630841453193764,0,-2.0914970843846943
80,313.11154598825846,32679.199805860382,2.2153719868963191,0,-3.016649853378548,0,-2.1447814997695951
81,317.02544031311169,30973.944725213205,-3.6172653319088726,0,-3.0702422789877541,0,-2.1987361593731745
82,320.93933463796492,29383.044329218024,4.6151793232266405,0,-3.1229708528460969,0,-2.2533610631954311
83,324.85322896281815,27838.019259168788,-35.716542388266205,0,-3.1769859516906247,0,-2.3086562112363658
84,328.76712328767138,26465.67225927308,7.7570085742366217,0,-3.2275401305144182,0,-2.3646216034959791
85,332.68101761252461,25105.563064149501,-20.116668142661233,0,-3.2802991797237868,0,-2.42125723997427
86,336.59491193737784,23884.366287227018,12.351617673205306,0,-3.3301645226663954,0,-2.4785631206712386
87,340.50880626223108,22694.845046557966,2.6731868586116332,0,-3.3812508290873704,0,-2.5365392455868854
88,344.42270058708431,21567.201651766412,-14.460109338978334,0,-3.4322149186849789,0,-2.5951856147212098
89,348.33659491193754,20542.236835855034,5.9917897822895219,0,-3.4809055373011968,0,-2.6545022280742132
90,352.25048923679077,19550.949798813042,-0.97377396649738157,0,-3.5303647690150362,0,-2.7144890856458943
91,356.164383561644,18623.687117229274,-1.243801639884915,0,-3.5789543658948273,0,-2.7751461874362531
92,360.07827788649723,17747.917719428387,-3.8048881532435681,0,-3.6271204398673991,0,-2.8364735334452904
93,363.99217221135046,16917.029449957583,-11.936695587945572,0,-3.6750678629842537,0,-2.898471123673005
94,367.9060665362037,16154.473017905186,0.94203845461478108,0,-3.7211916589524585,0,-2.9611389581193981
95,371.81996086105693,15428.751156183545,6.2726892417522837,0,-3.7671559103128294,0,-3.0244770367844684
96,375.73385518591016,14729.390139386569,-3.6618059599487172,0,-3.8135438103297705,0,-3.0884853596682174
97,379.64774951076339,14077.550082320759,-5.11688806131282,0,-3.8588073015707876,0,-3.1531639267706439
98,383.56164383561662,13462.902655466323,-5.9991304371448164,0,-3.9034506858780134,0,-3.2185127380917486
99,387.47553816046985,12886.072730326356,-3.4153448142096465,0,-3.9472415424900471,0,-3.2845317936315324
100,391.38943248532308,12363.2869246096,20.984890780801571,0,-3.9886572882382145,0,-3.3512210933899929
101,395.30332681017632,11826.663362828203,1.3075665894742992,0,-4.033032047907553,0,-3.4185806373671324
102,399.21722113502955,11326.928414676595,-9.8608217465962547,0,-4.0762057010109416,0,-3.4866104255629478
103,403.13111545988278,10886.288983289523,11.426824211798918,0,-4.1158845313415284,0,-3.5553104579774431
104,407.04500978473601,10435.688051373225,-2.2588359221487946,0,-4.158157162087444,0,-3.624680734610616
105,410.95890410958924,10032.329616570596,7.8083683587546897,0,-4.1975757974587742,0,-3.694721255462468
106,414.87279843444247,9624.9727988691211,-8.1891532287757975,0,-4.2390275832474487,0,-3.7654320205329954
107,418.7866927592957,9268.7936102176482,6.2552543578791555,0,-4.2767354053519488,0,-3.8368130298222027
108,422.70058708414894,8911.8566170115337,0.45001887200548074,0,-4.3160060430257188,0,-3.9088642833300882
109,426.61448140900217,8587.5861073872256,8.982017147097741,0,-4.3530709527664824,0,-3.9815857810566508
110,430.5283757338554,8278.7580768370462,15.713731944318074,0,-4.3896956708985115,0,-4.0549775230018925
111,434.44227005870863,7964.8434651450452,1.1313417571806679,0,-4.4283513469949263,0,-4.1290395091658105
112,438.35616438356186,7676.2601887743976,-3.3986919713775201,0,-4.4652561633537573,0,-4.2037717395484071
113,442.27005870841509,7395.1435617164607,-14.854926622674249,0,-4.5025651280023746,0,-4.2791742141496814
114,446.18395303326832,7147.2205484216893,-6.6826652057194309,0,-4.5366650906831811,0,-4.3552469329696342
115,450.09784735812156,6904.8842320306721,-5.7157053105618116,0,-4.5711596164225012,0,-4.4319898960082655
116,454.01174168297479,6689.4609097344801,10.094320250324191,0,-4.602855347937072,0,-4.5094031032655746
117,457.92563600782802,6448.8485215243218,-10.680265296406677,0,-4.6394870462500499,0,-4.5874865547415622
118,461.83953033268125,6261.6494240686034,11.192768055378835,0,-4.6689450006472475,0,-4.6662402504362257
119,465.75342465753448,6047.070892804606,-4.4909353759342361,0,-4.7038146324711141,0,-4.7456641903495695
120,469.66731898238771,5873.3461952206635,11.051602909708858,0,-4.7329641156095965,0,-4.8257583744815902
121,473.58121330724094,5692.1750652283481,10.033868624635785,0,-4.7642962012063608,0,-4.9065228028322894
122,477.49510763209418,5511.4443374100347,0.82304902415631132,0,-4.79656191830962,0,-4.9879574754016645
123,481.40900195694741,5358.2427965797124,10.957311874083597,0,-4.8247525524522006,0,-5.0700623921897208
124,485.32289628180064,5177.5227205352976,-14.19034646886778,0,-4.8590619347261681,0,-5.1528375531964521
125,489.23679060665387,5025.6597588962195,-17.850035493449077,0,-4.8888318966963871,0,-5.2362829584218629
126,493.1506849315071,4903.7084178694868,1.4025869084535769,0,-4.9133968984796592,0,-5.3203986078659513
127,497.06457925636033,4773.6145023814252,5.8607190285086288,0,-4.9402848620659867,0,-5.4051845015287183
128,500.97847358121356,4639.8528336150557,0.32598841826061925,0,-4.9687059884839169,0,-5.4906406394101666
129,504.8923679060668,4524.8986615277272,7.5816159972540049,0,-4.9937934556671619,0,-5.576767021510288
130,508.80626223092003,4394.6406694553498,-6.192928903830869,0,-5.0230028684718491,0,-5.6635636478290889
131,512.7201565557732,4300.067074232672,10.265723632359283,0,-5.0447580160891627,0,-5.7510305183665666
132,516.63405088062643,4184.2115868011097,0.25226123787372817,0,-5.0720703413826476,0,-5.839167633122722
133,520.54794520547966,4074.2487270941979,-8.8106318648823887,0,-5.0987022690788946,0,-5.9279749920975577
134,524.4618395303329,3985.3029198178519,-1.561904419609395,0,-5.1207753129618458,0,-6.0174525952910694
135,528.37573385518613,3886.6727616618759,-8.4766821842567577,0,-5.1458351768921906,0,-6.1076004427032613
136,532.28962818003936,3800.8062264648092,-6.8899563718343249,0,-5.1681754282380634,0,-6.1984185343341309
137,536.20352250489259,3705.2222009126349,-19.074020214786191,0,-5.1936454071202851,0,-6.2899068701836782
138,540.11741682974582,3638.2059855465754,-6.5420151644146873,0,-5.2118979382866728,0,-6.3820654502519014
139,544.03131115459905,3570.377365788921,1.5210216141430135,0,-5.2307173424178046,0,-6.474894274538805
140,547.94520547945228,3489.5606640885303,-6.8709770213240429,0,-5.2536127932508512,0,-6.5683933430443844
141,551.85909980430552,3448.827078828202,21.537979511648491,0,-5.2653544412390945,0,-6.6625626557686441
142,555.77299412915875,3368.4299230797728,7.1818649014576188,0,-5.2889418997217117,0,-6.7574022127115816
143,559.68688845401198,3302.6426989523447,4.5113367938760689,0,-5.3086656714725393,0,-6.8529120138731949
144,563.60078277886521,3225.6557573827567,-12.109035679936396,0,-5.3322523721253727,0,-6.9490920592534886
145,567.51467710371844,3172.3622406513491,-7.6143198289346978,0,-5.3489121406247193,0,-7.0459423488524573
146,571.42857142857167,3128.4737211796787,3.8768705386807572,0,-5.3628433807194913,0,-7.1434628826701081
147,575.3424657534249,3075.9731869882262,4.5157522197432556,0,-5.3797673025642574,0,-7.2416536607064357
148,579.25636007827814,2997.0213488917534,-23.369989945319389,0,-5.405769725595956,0,-7.3405146829614401
149,583.17025440313137,2957.3447795797365,-13.887797828110644,0,-5.4190968054912778,0,-7.4400459494351221
150,587.0841487279846,2908.9864997819127,-14.829455107987746,0,-5.4355838986684812,0,-7.5402474601274845
151,590.99804305283783,2890.6240245286053,12.647086423360449,0,-5.4419162330675617,0,-7.641119215038521
152,594.91193737769106,2822.95192038816,-10.599684003597961,0,-5.4656055195887117,0,-7.7426612141682387
153,598.82583170254429,2782.0941735378101,-8.2824960878662512,0,-5.4801846933774039,0,-7.8448734575166341
154,602.73972602739752,2741.9687193916338,-6.32088106234451,0,-5.4947124642041842,0,-7.9477559450837045
155,606.65362035225075,2698.2187558750102,-8.9100588017942108,0,-5.5107968020728197,0,-8.0513086768694571
156,610.56751467710399,2663.8521318569578,-2.8818412407272112,0,-5.5236153922478595,0,-8.1555316528738846
157,614.48140900195722,2630.9697216798399,4.0233564218539088,0,-5.5360361436273333,0,-8.2604248730969925
158,618.39530332681045,2600.838630027642,13.229239728556694,0,-5.547554694295787,0,-8.3659883375387771
159,622.30919765166368,2547.0020674516281,-1.5670653113308883,0,-5.5684716296084833,0,-8.4722220461992421
160,626.22309197651691,2506.7670694610606,-2.9079620125942203,0,-5.584394734528022,0,-8.5791259990783804
161,630.13698630137014,2468.9283246185787,-1.8523131545105032,0,-5.5996044575102557,0,-8.6867001961762007
162,634.05088062622337,2435.435658306098,3.6912009525937641,0,-5.6132629816791892,0,-8.7949446374926978
163,637.96477495107661,2385.8741700190785,-6.5566977691321231,0,-5.6338230518306842,0,-8.90385932302787
164,641.87866927592984,2346.6805519222917,-6.0305497436869366,0,-5.6503868388291068,0,-9.0134442527817242
165,645.79256360078307,2316.8568192101011,4.392536166183401,0,-5.6631771895510141,0,-9.1236994267542535
166,649.7064579256363,2279.8471373119974,8.2686344985622426,0,-5.6792802416456505,0,-9.2346248449454631
167,653.62035225048953,2204.7665704941255,-25.18534609527094,0,-5.7127669977524178,0,-9.3462205073553513
168,657.53424657534276,2186.3028879020303,-1.1909590472862659,0,-5.721176699117553,0,-9.4584864139839162
169,661.44814090019599,2153.3494039995039,9.2235336698416646,0,-5.736364145069567,0,-9.5714225648311579
170,665.36203522504923,2102.3464129910367,2.5635453008264317,0,-5.7603345768360743,0,-9.68502895989708
171,669.27592954990246,2065.514668301596,11.100651065745915,0,-5.7780092079220751,0,-9.7993055991816771
172,673.18982387475569,2020.6930410505349,12.709333967368403,0,-5.7999480951254805,0,-9.9142524826849545
173,677.10371819960892,1960.5305786652264,0.058232852258848854,0,-5.8301734973162862,0,-10.029869610406909
174,681.01761252446215,1919.3052703572907,7.4282209749947681,0,-5.8514253551209636,0,-10.146156982347541
175,684.93150684931538,1873.3662302805735,11.154046385999358,0,-5.875651701594486,0,-10.263114598506853
176,688.84540117416861,1819.5143834277314,8.004638183955338,0,-5.9048189941329357,0,-10.380742458884839
177,692.75929549902185,1753.9024882121944,-5.9170704339127758,0,-5.9415453388709105,0,-10.499040563481506
178,696.67318982387508,1697.7074779385171,-9.5018055865213373,0,-5.9741098387543072,0,-10.618008912296853
179,700.58708414872831,1653.063729534158,-0.70048255080737964,0,-6.0007582653679128,0,-10.737647505330878
180,704.50097847358154,1597.645902994266,-1.9409501516929095,0,-6.0348574021489627,0,-10.857956342583577
181,708.41487279843477,1554.8072972495725,10.011000891924994,0,-6.062037023972219,0,-10.978935424054956
182,712.328767123288,1490.9953943077633,1.4680386150466826,0,-6.1039446905434165,0,-11.100584749745012
183,716.24266144814123,1421.1402289241018,-12.789266141976384,0,-6.1519291098115003,0,-11.222904319653745
184,720.15655577299447,1364.4729558689755,-13.692587078918315,0,-6.1926203961661468,0,-11.345894133781162
185,724.0704500978477,1320.6607754848073,-1.7494313681840077,0,-6.2252564384911322,0,-11.46955419212725
186,727.98434442270093,1266.2560759503181,-0.5923265562767368,0,-6.2673240623752413,0,-11.59388449469202
187,731.89823874755416,1225.477164549573,13.803748331938179,0,-6.3000583470918397,0,-11.718885041475467
188,735.81213307240739,1136.4904263964625,-20.594496057024614,0,-6.3754436968110637,0,-11.844555832477592
189,739.72602739726062,1087.708649213273,-15.578232507328343,0,-6.4193153104025766,0,-11.970896867698395
190,743.63992172211385,1055.073079788325,4.5877332451827693,0,-6.4497786028552646,0,-12.097908147137874
191,747.55381604696709,1003.3409744699914,4.4547689388398579,0,-6.500053231511286,0,-12.225589670796031
192,751.46771037182032,966.87900702967579,18.186109842990806,0,-6.5370705506792346,0,-12.353941438672869
193,755.38160469667355,876.91169544302602,-23.192430726522808,0,-6.6347376183518563,0,-12.482963450768386
194,759.29549902152678,855.95269002535247,2.6410748208579116,0,-6.6589288103555182,0,-12.612655707082576
195,763.20939334638001,805.11194238285452,-3.3859832602672233,0,-6.7201625896964554,0,-12.743018207615446
196,767.12328767123324,748.38232753746388,-17.452051359059912,0,-6.7932299358459796,0,-12.874050952366995
197,771.03718199608647,717.32422262789521,-8.1548869126197285,0,-6.8356159845725539,0,-13.005753941337222
198,774.95107632093971,696.75456533871613,9.1792864468372279,0,-6.8647106976333268,0,-13.138127174526129
199,778.86497064579294,642.42631213763138,-9.8231631641114951,0,-6.9458917953958146,0,-13.27117065193371
200,782.77886497064617,615.60316399670717,-4.0071603655031094,0,-6.988541374660648,0,-13.404884373559971
201,786.6927592954994,589.45885859098701,-0.28847014820653644,0,-7.0319389891120316,0,-13.539268339404911
202,790.60665362035263,547.74307048985611,-14.986883009458154,0,-7.1053375887752495,0,-13.674322549468529
203,794.52054794520586,530.02427540634062,-8.5826932665469062,0,-7.1382211081571887,0,-13.810047003750825
204,798.43444227005909,511.61233693678662,-5.7937195359622589,0,-7.1735767324749293,0,-13.946441702251791
205,802.34833659491233,486.02582555818168,-13.107860602416043,0,-7.2248821548106488,0,-14.083506644971443
206,806.26223091976556,489.6891421721441,5.9138870645012265,0,-7.2173731302527617,0,-14.221241831909772
207,810.17612524461879,463.36557894880747,-7.9299112768581672,0,-7.2726275864193601,0,-14.359647263066783
208,814.09001956947202,461.06180283313165,-0.57729690146590429,0,-7.2776118197520976,0,-14.498722938442464
209,818.00391389432525,457.29325983205638,2.5615985669611394,0,-7.2858190248033594,0,-14.638468858036827
210,821.91780821917848,453.08328758113686,2.6025589342563817,0,-7.2950679499296545,0,-14.778885021849872
211,825.83170254403171,452.50895384943561,3.7318173796095371,0,-7.2963363658511442,0,-14.91997142988159
212,829.74559686888495,446.85031023480877,-2.6461684520934425,0,-7.3089202542101797,0,-15.061728082131982
213,833.65949119373818,453.591839369789,1.0911041702360826,0,-7.2939461548635576,0,-15.204154978601055
214,837.57338551859141,458.31099037205848,0.67097180721253646,0,-7.2835959443427392,0,-15.347252119288811
215,841.48727984344464,469.89170681726381,5.1372951053354443,0,-7.258641659179613,0,-15.491019504195243
216,845.40117416829787,479.49571381155295,5.8198469465690463,0,-7.2384089608949669,0,-15.635457133320353
217,849.3150684931511,482.91432976143676,-1.3158059780589395,0,-7.2313046494817943,0,-15.780565006664137
218,853.22896281800433,501.36479130402103,5.1260898086654381,0,-7.1938099538231119,0,-15.926343124226603
219,857.14285714285757,513.67890457368571,4.1582207028619109,0,-7.1695455453316317,0,-16.072791486007748
220,861.0567514677108,529.5135767693049,5.6188864191648937,0,-7.1391851108599456,0,-16.21991009200757
221,864.97064579256403,543.2553171079071,4.0747290154713136,0,-7.1135645096299429,0,-16.367698942226063
222,868.88454011741726,547.87185238174823,-7.3293212370346392,0,-7.105102502724856,0,-16.516158036663242
223,872.79843444227049,554.38838697937013,-17.395332879974944,0,-7.093278415658526,0,-16.665287375319096
224,876.71232876712372,600.87713436839772,12.115751326020108,0,-7.0127534379995877,0,-16.815086958193628
225,880.62622309197695,618.21984200509075,12.245387010451784,0,-6.9842997907078193,0,-16.965556785286843
226,884.54011741683018,634.55947564087705,11.288025989905124,0,-6.9582128973118076,0,-17.116696856598725
227,888.45401174168342,635.70959813746606,-4.8004177346837826,0,-6.956402063946479,0,-17.268507172129294
228,892.36790606653665,647.637939601629,-9.9197323763880227,0,-6.9378121112889861,0,-17.420987731878537
229,896.28180039138988,683.19898241126589,8.9066217569045563,0,-6.8843577632795379,0,-17.574138535846462
230,900.19569471624311,693.48504090523954,2.8822148786077975,0,-6.8694142472179216,0,-17.727959584033062
231,904.10958904109634,698.83359470159633,-7.5552229564792057,0,-6.8617312643587054,0,-17.882450876438341
232,908.02348336594957,725.48407845754286,3.9229494821819779,0,-6.8243047898377966,0,-18.037612413062298
233,911.9373776908028,749.40946038861239,13.367980279229785,0,-6.7918584060773703,0,-18.193444193904934
234,915.85127201565604,736.58361906742277,-13.178638262056603,0,-6.8091211511168357,0,-18.349946218966249
235,919.76516634050927,772.79877472266753,10.132651605010155,0,-6.7611252189146631,0,-18.507118488246235
236,923.6790606653625,760.20572195628358,-14.499790501203053,0,-6.777554832872017,0,-18.664961001744903
237,927.59295499021573,783.24899757739115,-2.5930345113108237,0,-6.7476932663010265,0,-18.823473759462249
238,931.50684931506896,790.33428892617576,-5.7114913716068694,0,-6.7386879098103316,0,-18.982656761398278
239,935.42074363992219,804.57640952516226,-0.71819575710439554,0,-6.7208279767284429,0,-19.142510007552971
240,939.33463796477542,818.2058663488159,4.6325461005518873,0,-6.7040299410157678,0,-19.303033497926361
241,943.24853228962866,819.50445179695032,-1.3684413977592094,0,-6.7024440858057215,0,-19.464227232518418
242,947.16242661448189,839.4140449155891,12.224416093405011,0,-6.6784398334593114,0,-19.626091211329157
243,951.07632093933512,831.93899109782001,-0.58536810607880085,0,-6.6873848061827692,0,-19.788625434358568
244,954.99021526418835,840.61671038897794,3.7350515892204079,0,-6.6770081148136509,0,-19.951829901606658
245,958.90410958904158,838.13806331125318,-2.1310347996162391,0,-6.6799610760414634,0,-20.115704613073436
246,962.81800391389481,841.27772756282786,-1.4188212320092628,0,-6.6762220759363364,0,-20.280249568758883
247,966.73189823874804,847.21277123999369,3.0372198157756403,0,-6.6691920474884601,0,-20.445464768663015
248,970.64579256360128,838.13057921962138,-6.5881760879081677,0,-6.679970005507113,0,-20.611350212785808
249,974.55968688845451,842.31031916232052,-2.029118772143228,0,-6.6749954198894752,0,-20.777905901127298
250,978.47358121330774,856.69346180383025,13.642352109739804,0,-6.6580637492056924,0,-20.945131833687451
251,982.38747553816097,840.53484478708799,-0.33236278307573208,0,-6.6771055071060976,0,-21.113028010466302
252,986.3013698630142,835.87603246874642,-1.9248471131864715,0,-6.6826636007393896,0,-21.281594431463805
253,990.21526418786743,837.31956564678853,3.4547058137262048,0,-6.6809381198239262,0,-21.450831096680005
254,994.12915851272066,823.63076830923569,-5.440663877758948,0,-6.6974215835358741,0,-21.620738006114873
255,998.0430528375739,825.95808317163039,2.5256043432428736,0,-6.6945998908401831,0,-21.79131515976843
256,1001.9569471624271,834.10145072876651,17.141842409271121,0,-6.6847888777874793,0,-21.962562557640666
257,1005.8708414872804,820.72092684458437,11.056570604271709,0,-6.7009607832224134,0,-22.134480199731563
258,1009.7847358121336,800.97425169455994,-0.58419843333763477,0,-6.7253151149565289,0,-22.307068086041152
259,1013.6986301369868,796.28591751687281,3.6317882934293637,0,-6.7311856020974563,0,-22.480326216569409
260,1017.6125244618401,762.28199485679488,-20.682513650663111,0,-6.7748273570904791,0,-22.654254591316356
261,1021.5264187866933,783.37132514351856,10.867349475849178,0,-6.7475370988307057,0,-22.828853210281963
262,1025.4403131115464,765.95005007988857,4.6614410688149137,0,-6.7700269574665048,0,-23.004122073466267
263,1029.3542074363995,746.41384278014186,-2.9227611291440114,0,-6.7958637208854791,0,-23.180061180869238
264,1033.2681017612526,719.62110486367988,-17.047590297463856,0,-6.8324190860572811,0,-23.356670532490881
265,1037.1819960861058,728.60840548465558,5.2998428123831243,0,-6.820007495312689,0,-23.53395012833121
266,1041.0958904109589,712.85843106435834,3.5752229742100141,0,-6.8418610695149917,0,-23.711899968390213
267,1045.009784735812,696.91394061091535,2.2906501179013299,0,-6.8644819843170488,0,-23.890520052667888
268,1048.9236790606651,697.03397943902746,17.670569529476111,0,-6.8643097557471258,0,-24.069810381164245
269,1052.8375733855182,662.33025627259588,-1.2120720634830735,0,-6.9153796082237378,0,-24.249770953879288
270,1056.7514677103713,639.81016963103582,-7.3929493790936149,0,-6.949972393903141,0,-24.430401770812995
271,1060.6653620352245,652.46762605956644,22.074390078493657,0,-6.9303823935763287,0,-24.611702831965392
272,1064.5792563600776,597.35135230502192,-15.813145168804247,0,-7.0186384462069187,0,-24.793674137336474
273,1068.4931506849307,595.86032187543719,0.28734372369698047,0,-7.0211376359783957,0,-24.976315686926213
274,1072.4070450097838,583.19043401460431,5.5116268882095927,0,-7.0426301383292635,0,-25.159627480734645
275,1076.3209393346369,564.50798147762373,4.9621110669509543,0,-7.0751893937966814,0,-25.343609518761752
276,1080.2348336594901,540.47769388641245,-0.76372454942098311,0,-7.1186905494856045,0,-25.528261801007528
277,1084.1487279843432,542.98767776837167,20.152096543551661,0,-7.1140572895073984,0,-25.713584327471992
278,1088.0626223091963,521.82272960622527,17.421933810922997,0,-7.1538159845574025,0,-25.899577098155131
279,1091.9765166340494,488.5254832838051,2.5143309612978055,0,-7.2197522797910132,0,-26.086240113056942
280,1095.8904109589025,464.26041326535841,-3.4812542199879863,0,-7.2706982860297114,0,-26.273573372177438
281,1099.8043052837556,461.88914394660225,12.221648735547593,0,-7.2758190021858766,0,-26.461576875516613
282,1103.7181996086088,406.90526374387059,-24.957822941762945,0,-7.4025635251738944,0,-26.650250623074466
283,1107.6320939334619,413.39505102990728,-1.0062619383161528,0,-7.386740240515782,0,-26.839594614850999
284,1111.545988258315,390.01062088490664,-7.3419439244497386,0,-7.444969944516818,0,-27.029608850846206
285,1115.4598825831681,383.3854182762729,2.6015729969051176,0,-7.4621031190845475,0,-27.220293331060081
286,1119.3737769080212,363.3395673290895,-1.4183042185390959,0,-7.5158060721135485,0,-27.411648055492645
287,1123.2876712328743,349.13701892275037,-0.1951836551739986,0,-7.5556794667912381,0,-27.603673024143891
288,1127.2015655577275,340.60677653094967,6.048366923013397,0,-7.580415252414217,0,-27.796368237013812
289,1131.1154598825806,320.94899185803803,0.46768581578053248,0,-7.639861709673502,0,-27.989733694102398
290,1135.0293542074337,308.32486605050281,1.1866132485809198,0,-7.6799899292985057,0,-28.183769395409676
291,1138.9432485322868,274.23224300483474,-20.326311234435437,0,-7.7971685667243227,0,-28.37847534093563
292,1142.8571428571399,289.68478624622742,6.9218277956495013,0,-7.7423505284579379,0,-28.573851530680265
293,1146.7710371819931,267.99595965895878,-3.7673145576251916,0,-7.8201720118101132,0,-28.769897964643576
294,1150.6849315068462,281.32111370036404,19.758998806220795,0,-7.7716471460377328,0,-28.966614642825554
295,1154.5988258316993,245.55015866830092,-6.6026187354330199,0,-7.907642677647754,0,-29.164001565226222
296,1158.5127201565524,248.28543289278133,4.766170851163035,0,-7.8965648928817664,0,-29.362058731845561
297,1162.4266144814055,223.86603158737671,-11.770404654441744,0,-8.0000961166406785,0,-29.560786142683586
298,1166.3405088062586,231.33844115250781,2.8680984847538844,0,-7.9672621648030066,0,-29.760183797740275
299,1170.2544031311118,243.70543118357904,21.726781997975195,0,-7.9151836695747519,0,-29.960251697015657
300,1174.1682974559649,220.38832110790099,4.2770856882073796,0,-8.0157528299617358,0,-30.160989840509711
301,1178.082191780818,214.08851563645354,3.2776078602071768,0,-8.044754362335679,0,-30.362398228222446
302,1181.9960861056711,198.89774372426101,-7.1164883864767061,0,-8.118353074281762,0,-30.564476860153857
303,1185.9099804305242,200.23797324477863,-1.4144974220913051,0,-8.1116373908657753,0,-30.767225736303949
304,1189.8238747553773,189.41744208537298,-8.2351655100356673,0,-8.1671906485322339,0,-30.970644856672706
305,1193.7377690802305,200.27669083156718,6.3382455078274287,0,-8.1114440516930468,0,-31.174734221260152
306,1197.6516634050836,184.3824313710266,-6.0493209768134557,0,-8.1941318842849284,0,-31.379493830066277
307,1201.5655577299367,174.28459504770535,-12.768846652173627,0,-8.2504543495139799,0,-31.58492368309107
308,1205.4794520547898,195.78118538606444,12.056426936926472,0,-8.1341462818088068,0,-31.791023780334548
309,1209.3933463796429,175.74697615730096,-4.6214779899320604,0,-8.2420985911290234,0,-31.997794121796705
310,1213.3072407044961,181.6372488987887,4.7273227460703113,0,-8.209132356092514,0,-32.20523470747753
311,1217.2211350293492,180.84135917279829,7.5630589011406251,0,-8.2135237380239037,0,-32.413345537377054
312,1221.1350293542023,161.73563036629375,-7.6718057630303615,0,-8.3251808254124295,0,-32.622126611495247
313,1225.0489236790554,168.43801097247638,3.2011748447898603,0,-8.2845761216063778,0,-32.831577929832108
314,1228.9628180039085,144.55838255080687,-16.154058168929154,0,-8.4374604588607056,0,-33.041699492387657
315,1232.8767123287616,132.20562773597538,-23.581667273508693,0,-8.5267854199327484,0,-33.252491299161882
316,1236.7906066536148,160.04987820004533,9.62780388351554,0,-8.3356584109042373,0,-33.463953350154775
317,1240.7045009784679,133.98435810813407,-10.601101166743023,0,-8.5134208537068616,0,-33.676085645366356
318,1244.618395303321,129.74683394018257,-8.5075202564565355,0,-8.5455587957913703,0,-33.888888184796613
319,1248.5322896281741,159.20020806599857,27.786262302831549,0,-8.3409813359512643,0,-34.102360968445538
320,1252.4461839530272,112.87763542124634,-11.17996709486918,0,-8.6848395567038317,0,-34.316503996313166
321,1256.3600782778803,110.87013662484532,-5.3164824263936472,0,-8.7027843402267244,0,-34.531317268399462
322,1260.2739726027335,111.35105422768186,3.5412420585916426,0,-8.6984560549557663,0,-34.746800784704426
323,1264.1878669275866,106.79109244859617,7.8481130053869848,0,-8.7402693972994978,0,-34.962954545228072
324,1268.1017612524397,93.701541224293464,4.0933075793925564,0,-8.8710292787004885,0,-35.179778549970401
325,1272.0156555772928,74.371310073131639,-5.4619190711628738,0,-9.1020736661349613,0,-35.397272798931397
326,1275.9295499021459,87.535237082990051,17.884938357670784,0,-8.9391024944901805,0,-35.615437292111082
327,1279.8434442269991,52.342018561619419,-6.7535025881057464,0,-9.4533444536213551,0,-35.834272029509442
328,1283.7573385518522,62.611681660269937,14.403940424320783,0,-9.2741920476194402,0,-36.053777011126471
329,1287.6712328767053,47.036776379714816,10.009211233386722,0,-9.5602141444085884,0,-36.273952236962188
330,1291.5851272015584,18.482237608821869,-7.1141163679197126,0,-10.494333774695848,0,-36.494797707016588
331,1295.4990215264115,14.467695717805611,0.51245711113886327,0,-10.739225633832264,0,-36.716313421289655
332,1299.4129158512646,-4.9765603599413479,-7.1207384547469914,0,-13.815510557964274,0,-36.938499379781405
333,1303.3268101761178,-15.815258223390721,-6.0163409377786712,0,-13.815510557964274,0,-37.161355582491836
334,1307.2407045009709,-23.214016003154061,-1.3750370415241762,0,-13.815510557964274,0,-37.384882029420929
335,1311.154598825824,-23.718364346760342,10.226107301505213,0,-13.815510557964274,0,-37.609078720568718
336,1315.0684931506771,-36.374017616792699,9.7139512472333269,0,-13.815510557964274,0,-37.833945655935175
337,1318.9823874755302,-65.98725263472312,-7.7406521364720202,0,-13.815510557964274,0,-38.059482835520306
338,1322.8962818003833,-83.681266223370599,-13.278902536170836,0,-13.815510557964274,0,-38.285690259324127
339,1326.8101761252365,-76.118119752505834,6.424171827496564,0,-13.815510557964274,0,-38.512567927346623
340,1330.7240704500896,-95.840823878454131,-1.1823458739735153,0,-13.815510557964274,0,-38.740115839587794
341,1334.6379647749427,-100.50825360695676,6.2397058878537717,0,-13.815510557964274,0,-38.968333996047654
342,1338.5518590997958,-128.50167392866123,-9.6892143957016046,0,-13.815510557964274,0,-39.197222396726183
343,1342.4657534246489,-134.21150336275184,-3.3535002633141846,0,-13.815510557964274,0,-39.426781041623379
344,1346.3796477495021,-136.27714006512764,6.6172725831777459,0,-13.815510557964274,0,-39.657009930739264
345,1350.2935420743552,-154.50369213549354,0.43100720765721379,0,-13.815510557964274,0,-39.887909064073831
346,1354.2074363992083,-167.15325441750628,-0.1588886681597485,0,-13.815510557964274,0,-40.119478441627059
347,1358.1213307240614,-183.21604423539839,-4.125406117075741,0,-13.815510557964274,0,-40.351718063398991
348,1362.0352250489145,-174.72867734601326,16.512970530132158,0,-13.815510557964274,0,-40.584627929389583
349,1365.9491193737676,-221.28226840314156,-17.816685492415974,0,-13.815510557964274,0,-40.818208039598858
350,1369.8630136986208,-225.26561307734738,-9.4857833602701831,0,-13.815510557964274,0,-41.052458394026814
351,1373.7769080234739,-221.87810765543031,6.3220197502001714,0,-13.815510557964274,0,-41.287378992673446
352,1377.690802348327,-255.13115440481525,-14.391400396924945,0,-13.815510557964274,0,-41.522969835538746
353,1381.6046966731801,-239.2167035692577,14.192060881616966,0,-13.815510557964274,0,-41.759230922622734
354,1385.5185909980332,-272.99332515359737,-6.7800271058891139,0,-13.815510557964274,0,-41.996162253925398
355,1389.4324853228864,-279.21425159581185,-0.059280185326612216,0,-13.815510557964274,0,-42.233763829446744
356,1393.3463796477395,-308.27825899409436,-16.047888602754089,0,-13.815510557964274,0,-42.472035649186758
357,1397.2602739725926,-291.42437629138612,14.006275767493165,0,-13.815510557964274,0,-42.710977713145454
358,1401.1741682974457,-320.29536945038006,-1.5541045587959823,0,-13.815510557964274,0,-42.950590021322832
359,1405.0880626222988,-328.10625806012507,4.035534334995952,0,-13.815510557964274,0,-43.190872573718892
360,1409.0019569471519,-344.12682794387689,1.4790943593363735,0,-13.815510557964274,0,-43.431825370333627
361,1412.9158512720051,-373.9631188925411,-14.861578409243865,0,-13.815510557964274,0,-43.673448411167023
362,1416.8297455968582,-381.57587907439057,-8.9849333589704212,0,-13.815510557964274,0,-43.915741696219115
363,1420.7436399217113,-381.90717017394746,4.1240085488105276,0,-13.815510557964274,0,-44.158705225489882
364,1424.6575342465644,-415.6107012103825,-16.236244937830172,0,-13.815510557964274,0,-44.402338998979332
365,1428.5714285714175,-416.08086477878498,-3.5121658788076231,0,-13.815510557964274,0,-44.646643016687449
366,1432.4853228962706,-430.33331792203262,-4.7751790335701738,0,-13.815510557964274,0,-44.891617278614241
367,1436.3992172211238,-431.40731217786094,6.876681433333137,0,-13.815510557964274,0,-45.137261784759723
368,1440.3131115459769,-424.9598996230178,25.725288608120543,0,-13.815510557964274,0,-45.383576535123872
369,1444.22700587083,-467.04959549136959,-4.3504843991289386,0,-13.815510557964274,0,-45.630561529706718
370,1448.1409001956831,-497.71795992769091,-23.455575008536698,0,-13.815510557964274,0,-45.878216768508231
371,1452.0547945205362,-482.51465967310747,2.7969774988529075,0,-13.815510557964274,0,-46.126542251528413
372,1455.9686888453894,-497.44724493977299,-1.6629913804169603,0,-13.815510557964274,0,-46.375537978767284
373,1459.8825831702425,-513.42846080833408,-7.8093610383833356,0,-13.815510557964274,0,-46.625203950224829
374,1463.7964774950956,-506.35112526425308,8.4060726329084581,0,-13.815510557964274,0,-46.875540165901043
375,1467.7103718199487,-506.12904838140196,17.013297380240363,0,-13.815510557964274,0,-47.126546625795946
376,1471.6242661448018,-528.00179160987204,2.7198777085709978,0,-13.815510557964274,0,-47.378223329909531
377,1475.5381604696549,-551.1115092771571,-13.665408763929536,0,-13.815510557964274,0,-47.630570278241777
378,1479.4520547945081,-546.44460263096357,-3.1738273740161898,0,-13.815510557964274,0,-47.883587470792712
379,1483.3659491193612,-558.01258303112252,-9.8572344806902645,0,-13.815510557964274,0,-48.137274907562343
380,1487.2798434442143,-549.76155523485738,2.3026709085922521,0,-13.815510557964274,0,-48.391632588550621
381,1491.1937377690674,-566.67421943216652,-11.707505044380625,0,-13.815510557964274,0,-48.646660513757595
382,1495.1076320939205,-589.00401857192321,-32.166926494407853,0,-13.815510557964274,0,-48.902358683183245
383,1499.0215264187736,-569.63472042072044,-11.980110416569847,0,-13.815510557964274,0,-49.158727096827555
384,1502.9354207436268,-552.9022573007436,4.5011683377273703,0,-13.815510557964274,0,-49.415765754690561
385,1506.8493150684799,-568.09140153861881,-12.018919797419125,0,-13.815510557964274,0,-49.67347465677225
386,1510.763209393333,-546.61112270501258,7.0442160632761723,0,-13.815510557964274,0,-49.931853803072592
387,1514.6771037181861,-558.01742565376469,-7.8674540027419306,0,-13.815510557964274,0,-50.190903193591637
388,1518.5909980430392,-558.65089697531459,-13.092355092878076,0,-13.815510557964274,0,-50.450622828329365
389,1522.5048923678924,-545.62608298131738,-5.7389271492159146,0,-13.815510557964274,0,-50.711012707285747
390,1526.4187866927455,-522.59429968203199,10.55132016170546,0,-13.815510557964274,0,-50.972072830460803
391,1530.3326810175986,-527.34041437475958,-1.9932123987783883,0,-13.815510557964274,0,-51.23380319785457
392,1534.2465753424517,-502.84490420061474,13.663505042285307,0,-13.815510557964274,0,-51.496203809466991
393,1538.1604696673048,-504.93155522406607,1.7172327223337733,0,-13.815510557964274,0,-51.759274665298094
394,1542.0743639921579,-505.18848919586651,-9.3977359895998553,0,-13.815510557964274,0,-52.023015765347893
395,1545.9882583170111,-472.47210087707873,11.487351266306211,0,-13.815510557964274,0,-52.287427109616331
396,1549.9021526418642,-466.00889734459719,5.1737660627775695,0,-13.815510557964274,0,-52.552508698103487
397,1553.8160469667173,-456.61386059117996,0.8768733336114688,0,-13.815510557964274,0,-52.81826053080929
398,1557.7299412915704,-449.23677712736577,-6.320225191488519,0,-13.815510557964274,0,-53.084682607733789
399,1561.6438356164235,-434.49590427948323,-7.0003506353018743,0,-13.815510557964274,0,-53.351774928876949
400,1565.5577299412766,-410.22177546077836,1.0439837206542899,0,-13.815510557964274,0,-53.61953749423882
401,1569.4716242661298,-389.18765033983465,5.0801817988660725,0,-13.815510557964274,0,-53.887970303819337
402,1573.3855185909829,-400.18566827199294,-23.640512590578023,0,-13.815510557964274,0,-54.15707335761855
403,1577.299412915836,-355.05379031614387,3.090126969467097,0,-13.815510557964274,0,-54.426846655636446
404,1581.2133072406891,-355.12103427028705,-16.007840832139749,0,-13.815510557964274,0,-54.697290197872981
405,1585.1272015655422,-308.97540454316459,10.529620708456422,0,-13.815510557964274,0,-54.968403984328241
406,1589.0410958903954,-297.07850649627892,2.2959693728566122,0,-13.815510557964274,0,-55.240188015002147
407,1592.9549902152485,-276.87388566020576,1.905775113096456,0,-13.815510557964274,0,-55.512642289894742
408,1596.8688845401016,-245.50340041449181,12.278342245965126,0,-13.815510557964274,0,-55.785766809006013
409,1600.7827788649547,-248.64303458328155,-12.198151206947189,0,-13.815510557964274,0,-56.059561572335973
410,1604.6966731898078,-226.3253823151212,-11.489235810662668,0,-13.815510557964274,0,-56.334026579884593
411,1608.6105675146609,-188.70268460696167,4.3226609149860797,0,-13.815510557964274,0,-56.60916183165191
412,1612.5244618395141,-159.01878444625584,12.06604949698492,0,-13.815510557964274,0,-56.884967327637909
413,1616.4383561643672,-157.59373486108075,-8.5044993451965762,0,-13.815510557964274,0,-57.161443067842548
414,1620.3522504892203,-136.15021692341008,-9.035102660334914,0,-13.815510557964274,0,-57.438589052265911
415,1624.2661448140734,-113.63975498637349,-8.3991690569383177,0,-13.815510557964274,0,-57.716405280907914
416,1628.1800391389265,-104.97856794146225,-21.433693813080509,0,-13.815510557964274,0,-57.994891753768613
417,1632.0939334637796,-85.74070982094436,-23.63289366476711,0,-13.815510557964274,0,-58.27404847084798
418,1636.0078277886328,-37.64271087152926,3.3666141080870644,0,-13.815510557964274,0,-58.553875432146043
419,1639.9217221134859,-19.458976375807488,0.86983890034689326,0,-13.815510557964274,0,-58.834372637662774
420,1643.835616438339,-1.651644840573625,-1.5070422769400638,0,-13.815510557964274,0,-59.115540087398188
421,1647.7495107631921,15.746802241857296,-3.7199123873535562,0,-10.654506603913147,0,-59.397377781352262
422,1651.6634050880452,44.386579297546504,5.9557003373604847,0,-9.6182067606352195,0,-59.679885719525039
423,1655.5772994128984,47.5856120883874,-9.0909818075168047,0,-9.5486134678131229,0,-59.963063901916485
424,1659.4911937377515,89.188955568940457,15.052827802203696,0,-8.9203867008795505,0,-60.246912328526598
425,1663.4050880626046,98.000460477779072,7.2545689706873304,0,-8.826171738895539,0,-60.531430999355393
426,1667.3189823874577,108.98530342782222,2.5383235533643758,0,-8.7199308741066943,0,-60.816619914402864
427,1671.2328767123108,124.67923237490953,3.49356562470917,0,-8.5853996181897703,0,-61.102479073669038
428,1675.1467710371639,119.79844383414773,-15.115402346054465,0,-8.6253332204092032,0,-61.389008477153865
429,1679.0606653620171,145.20867725074615,-2.3807348331917191,0,-8.432972055022752,0,-61.676208124857375
430,1682.9745596868702,158.08082220577299,-1.095748798037667,0,-8.348037481121402,0,-61.964078016779553
431,1686.8884540117233,165.48624109199679,-4.1598427458839415,0,-8.3022558603425303,0,-62.252618152920434
432,1690.8023483365764,182.16203868335253,3.1866045300328971,0,-8.2062473028970544,0,-62.541828533279983
433,1694.7162426614295,189.79039384766006,2.641471484083906,0,-8.1652236433852075,0,-62.831709157858199
434,1698.6301369862827,199.99362700620617,5.8359402883375413,0,-8.1128584152365519,0,-63.122260026655098
435,1702.5440313111358,196.63780358367134,-3.3618500680004892,0,-8.129780440285737,0,-63.413481139670665
436,1706.4579256359889,187.62282225962298,-17.056599269666677,0,-8.1767102332990795,0,-63.705372496904943
437,1710.371819960842,211.43393912955497,3.2258559915002927,0,-8.0572313111524139,0,-63.997934098357867
438,1714.2857142856951,209.21647933988527,-1.3865140837707406,0,-8.0677744140843863,0,-64.291165944029473
439,1718.1996086105482,208.3824286849391,-3.5050611797192026,0,-8.0717689253148315,0,-64.585068033919754
440,1722.1135029354014,185.44212025995387,-26.64845327963803,0,-8.1884011031108219,0,-64.879640368028745
441,1726.0273972602545,221.04447224994365,9.7979129169545445,0,-8.0127800031343934,0,-65.174882946356362
442,1729.9412915851076,204.66089159760293,-4.7338122495283095,0,-8.0897894941768165,0,-65.470795768902704
443,1733.8551859099607,194.71745721807986,-11.861362217054923,0,-8.139594345812144,0,-65.767378835667714
444,1737.7690802348138,225.11894733652281,22.272064975611109,0,-7.9945149989632442,0,-66.064632146651391
445,1741.6829745596669,214.57731792989057,16.326675492372733,0,-8.0424737863390963,0,-66.362555701853765
446,1745.5968688845201,199.8896721139802,7.0444314878508463,0,-8.1133783413989917,0,-66.661149501274778
447,1749.5107632093732,183.76124662349096,-2.9275934000625261,0,-8.1975065739737545,0,-66.960413544914502
448,1753.4246575342263,167.62896484068523,-12.213309625889233,0,-8.2893909219466693,0,-67.260347832772879
449,1757.3385518590794,168.59328189690831,-3.7754357816869426,0,-8.2836547179343611,0,-67.560952364849967
450,1761.2524461839325,156.885113975481,-7.4482605474705963,0,-8.3556301369432227,0,-67.862227141145695
451,1765.1663405087857,170.06230206529773,14.259107506968006,0,-8.2749790636590088,0,-68.164172161660133
452,1769.0802348336388,129.19076078667851,-17.655845971062718,0,-8.5498538384554692,0,-68.466787426393267
453,1772.9941291584919,133.49106124599288,-4.0422117592139681,0,-8.5171093976681878,0,-68.770072935345013
454,1776.908023483345,124.31151754760984,-3.6223393159157817,0,-8.5883532628110526,0,-69.074028688515497
455,1780.8219178081981,120.07373615002133,1.9539329968568688,0,-8.6230378943171413,0,-69.378654685904621
456,1784.7358121330512,107.15348445740521,-1.0096386726620015,0,-8.7368816754825929,0,-69.683950927512441
457,1788.6497064579044,102.75624983046528,4.6200703023443905,0,-8.7787842391807427,0,-69.989917413338915
458,1792.5636007827575,90.313043653585169,2.2015781960045033,0,-8.907862018325611,0,-70.296554143384114
459,1796.4774951076106,72.493692109776987,-5.6676790298860338,0,-9.1276443636148645,0,-70.603861117647952
460,1800.3913894324637,51.823288348376863,-16.534644362182348,0,-9.4633042860591985,0,-70.911838336130486
461,1804.3052837573168,54.748820543112942,-4.0237373018045863,0,-9.4083880904348991,0,-71.220485798831703
462,1808.2191780821699,55.105922302803222,5.6301985941966359,0,-9.4018867231154193,0,-71.529803505751559
463,1812.1330724070231,33.335686094174001,-7.2009576508345514,0,-9.9045154386535685,0,-71.83979145689014
464,1816.0469667318762,37.377589983510603,5.3546889998321801,0,-9.7900725897803351,0,-72.15044965224736
465,1819.9608610567293,32.629884376228333,8.6298374617913662,0,-9.9259153491895589,0,-72.461778091823291
466,1823.8747553815824,6.2380683026890633,-10.293098140030262,0,-11.580473348729052,0,-72.773776775617861
467,1827.7886497064355,0.99904934699874737,-8.6773616474358501,0,-13.412095021466323,0,-73.086445703631156
468,1831.7025440312887,8.9402886748063892,5.4477852572069088,0,-11.220576037397016,0,-73.399784875863105
469,1835.6164383561418,-9.1368608283665189,-7.1690807171497131,0,-13.815510557964274,0,-73.713794292313736
470,1839.5303326809949,-6.6655455807464472,-0.0094011005552127602,0,-13.815510557964274,0,-74.02847395298302
471,1843.444227005848,-20.731630858556311,-10.202312588073234,0,-13.815510557964274,0,-74.343823857871016
472,1847.3581213307011,-4.2854336274268459,9.2641617233800204,0,-13.815510557964274,0,-74.659844006977707
473,1851.2720156555542,-9.0522310409233491,6.6331341321684061,0,-13.815510557964274,0,-74.976534400303024
474,1855.1859099804074,20.396828378833103,37.308449129480564,0,-10.395764499170543,0,-75.293895037847051
475,1859.0998043052605,-22.986993572970704,-5.7765607547978366,0,-13.815510557964274,0,-75.611925919609732
476,1863.0136986301136,-19.299283060050357,-2.7279045728883471,0,-13.815510557964274,0,-75.930627045591137
477,1866.9275929549667,10.439941968897376,25.431854800560117,0,-11.065504892403609,0,-76.249998415791168
478,1870.8414872798198,-3.5726071230427952,8.9050651522975812,0,-13.815510557964274,0,-76.570040030209924
479,1874.7553816046729,12.437587482437907,21.480286878981527,0,-10.890420780084094,0,-76.890751888847305
480,1878.6692759295261,-8.6156724492917824,-3.9060926373571774,0,-13.815510557964274,0,-77.212133991703382
481,1882.5831702543792,19.286640622562626,18.796123742768557,0,-10.451731255797291,0,-77.534186338778156
482,1886.4970645792323,-2.8091854249749826,-9.3270839684251747,0,-13.815510557964274,0,-77.856908930071597
483,1890.4109589040854,16.325834085418261,3.0013150761737677,0,-10.618395149928812,0,-78.180301765583735
484,1894.3248532289385,11.599689864744121,-9.2545664821407492,0,-10.96016555435093,0,-78.504364845314527
485,1898.2387475537917,36.248005957931909,7.2047044071425663,0,-9.8207595445772853,0,-78.829098169264014
486,1902.1526418786448,6.1390927935307289,-31.681563334468336,0,-11.596466938562116,0,-79.154501737432142
487,1906.0665362034979,67.493285811131983,20.38455089926024,0,-9.1991157928415621,0,-79.480575549819008
488,1909.980430528351,31.72315535960535,-25.100912930879602,0,-9.9540970490912279,0,-79.8073196064245
489,1913.8943248532041,60.933564618368635,-5.9445313745734571,0,-9.3013597502569159,0,-80.134733907248673
490,1917.8082191780572,84.87531324409693,7.6972705767862983,0,-8.9699606397837712,0,-80.462818452291586
491,1921.7221135029104,90.229711810522048,2.6018480473809928,0,-8.9087851442496238,0,-80.791573241553095
492,1925.6360078277635,102.7263971664086,4.5971484305185459,0,-8.7790748005950814,0,-81.120998275033315
493,1929.5499021526166,117.02596201914604,8.4432946552606971,0,-8.6487481085262559,0,-81.451093552732232
494,1933.4637964774697,129.60196802712784,10.713523993749138,0,-8.546675947110538,0,-81.781859074649816
495,1937.3776908023228,119.26244636941669,-9.685397862010511,0,-8.6298174199152751,0,-82.113294840786054
496,1941.2915851271759,146.86168075180478,8.1975235524084233,0,-8.4216527197645927,0,-82.445400851141017
497,1945.2054794520291,162.71853354636505,14.7747747953259,0,-8.3191219961773051,0,-82.77817710571459
498,1949.1193737768822,163.69533420748903,6.9981955691390798,0,-8.3131369344293322,0,-83.111623604506889
499,1953.0332681017353,162.2118990336599,-2.6279785188430438,0,-8.3222404170604971,0,-83.445740347517855
500,1956.9471624265884,180.13272712003084,7.8391672748176999,0,-8.2174499642544703,0,-83.780527334747504
501,1960.8610567514415,174.63167832097906,-4.3549310126426573,0,-8.248464855676934,0,-84.115984566195849
502,1964.7749510762947,197.72537322894058,12.870336173118464,0,-8.1242648522878813,0,-84.452112041862847
503,1968.6888454011478,193.38018204175864,3.5370904813330259,0,-8.1464858098848847,0,-84.788909761748528
504,1972.6027397260009,182.52596506555912,-11.377839102300198,0,-8.2042514790735765,0,-85.126377725852848
505,1976.516634050854,196.17856770568548,-0.82085590855703194,0,-8.1321186121175302,0,-85.464515934175921
506,1980.4305283757071,202.28834092186884,3.1866044121429655,0,-8.1014498064106206,0,-85.80332438671762
507,1984.3444227005602,216.25113251721396,16.058860441435112,0,-8.0347035334358221,0,-86.142803083478
508,1988.2583170254134,194.88977228563309,-5.3726193287079731,0,-8.1387097878997654,0,-86.482952024457077
509,1992.1722113502665,209.23343208558887,9.9201670219787168,0,-8.0676933876807464,0,-86.823771209654836
510,1996.0861056751196,185.22124426301477,-12.134494502474952,0,-8.1895928908310189,0,-87.165260639071263
511,1999.9999999999727,202.82169988065243,8.4115997100362438,0,-8.0988166489312441,0,-87.507420312706358
